1.666667 0.250000 0.833333 -1.000000
1.666667 0.250000 1.666667 -1.000000
1.666667 0.250000 2.500000 -1.000000
1.666667 0.250000 3.333333 -1.000000
1.666667 0.250000 4.166667 -1.000000
1.666667 0.500000 0.833333 -1.000000
1.666667 0.500000 1.666667 -1.000000
1.666667 0.500000 2.500000 -1.000000
1.666667 0.500000 3.333333 -1.000000
1.666667 0.500000 4.166667 -1.000000
1.666667 0.750000 0.833333 -1.000000
1.666667 0.750000 1.666667 -1.000000
1.666667 0.750000 2.500000 -1.000000
1.666667 0.750000 3.333333 -1.000000
1.666667 0.750000 4.166667 -1.000000
3.333333 0.250000 0.833333 -1.000000
3.333333 0.250000 1.666667 -1.000000
3.333333 0.250000 2.500000 -1.000000
3.333333 0.250000 3.333333 -1.000000
3.333333 0.250000 4.166667 -1.000000
3.333333 0.500000 0.833333 -1.000000
3.333333 0.500000 1.666667 -1.000000
3.333333 0.500000 2.500000 -1.000000
3.333333 0.500000 3.333333 -1.000000
3.333333 0.500000 4.166667 -1.000000
3.333333 0.750000 0.833333 -1.000000
3.333333 0.750000 1.666667 -1.000000
3.333333 0.750000 2.500000 -1.000000
3.333333 0.750000 3.333333 -1.000000
3.333333 0.750000 4.166667 -1.000000
5.000000 0.250000 0.833333 -1.000000
5.000000 0.250000 1.666667 -1.000000
5.000000 0.250000 2.500000 -1.000000
5.000000 0.250000 3.333333 -1.000000
5.000000 0.250000 4.166667 -1.000000
5.000000 0.500000 0.833333 -1.000000
5.000000 0.500000 1.666667 -1.000000
5.000000 0.500000 2.500000 -1.000000
5.000000 0.500000 3.333333 -1.000000
5.000000 0.500000 4.166667 -1.000000
5.000000 0.750000 0.833333 -1.000000
5.000000 0.750000 1.666667 -1.000000
5.000000 0.750000 2.500000 -1.000000
5.000000 0.750000 3.333333 -1.000000
5.000000 0.750000 4.166667 -1.000000
6.666667 0.250000 0.833333 -1.000000
6.666667 0.250000 1.666667 -1.000000
6.666667 0.250000 2.500000 -1.000000
6.666667 0.250000 3.333333 -1.000000
6.666667 0.250000 4.166667 -1.000000
6.666667 0.500000 0.833333 -1.000000
6.666667 0.500000 1.666667 -1.000000
6.666667 0.500000 2.500000 -1.000000
6.666667 0.500000 3.333333 -1.000000
6.666667 0.500000 4.166667 -1.000000
6.666667 0.750000 0.833333 -1.000000
6.666667 0.750000 1.666667 -1.000000
6.666667 0.750000 2.500000 -1.000000
6.666667 0.750000 3.333333 -1.000000
6.666667 0.750000 4.166667 -1.000000
8.333333 0.250000 0.833333 -1.000000
8.333333 0.250000 1.666667 -1.000000
8.333333 0.250000 2.500000 -1.000000
8.333333 0.250000 3.333333 -1.000000
8.333333 0.250000 4.166667 -1.000000
8.333333 0.500000 0.833333 -1.000000
8.333333 0.500000 1.666667 -1.000000
8.333333 0.500000 2.500000 -1.000000
8.333333 0.500000 3.333333 -1.000000
8.333333 0.500000 4.166667 -1.000000
8.333333 0.750000 0.833333 -1.000000
8.333333 0.750000 1.666667 -1.000000
8.333333 0.750000 2.500000 -1.000000
8.333333 0.750000 3.333333 -1.000000
8.333333 0.750000 4.166667 -1.000000
0.000000 0.250000 0.000000 -1.000000
0.000000 0.250000 0.833333 -1.000000
0.000000 0.250000 1.666667 -1.000000
0.000000 0.250000 2.500000 -1.000000
0.000000 0.250000 3.333333 -1.000000
0.000000 0.250000 4.166667 -1.000000
0.000000 0.250000 5.000000 -1.000000
0.000000 0.500000 0.000000 -1.000000
0.000000 0.500000 0.833333 -1.000000
0.000000 0.500000 1.666667 -1.000000
0.000000 0.500000 2.500000 -1.000000
0.000000 0.500000 3.333333 -1.000000
0.000000 0.500000 4.166667 -1.000000
0.000000 0.500000 5.000000 -1.000000
0.000000 0.750000 0.000000 -1.000000
0.000000 0.750000 0.833333 -1.000000
0.000000 0.750000 1.666667 -1.000000
0.000000 0.750000 2.500000 -1.000000
0.000000 0.750000 3.333333 -1.000000
0.000000 0.750000 4.166667 -1.000000
0.000000 0.750000 5.000000 -1.000000
1.666667 0.250000 0.000000 -1.000000
1.666667 0.250000 5.000000 -1.000000
1.666667 0.500000 0.000000 -1.000000
1.666667 0.500000 5.000000 -1.000000
1.666667 0.750000 0.000000 -1.000000
1.666667 0.750000 5.000000 -1.000000
3.333333 0.250000 0.000000 -1.000000
3.333333 0.250000 5.000000 -1.000000
3.333333 0.500000 0.000000 -1.000000
3.333333 0.500000 5.000000 -1.000000
3.333333 0.750000 0.000000 -1.000000
3.333333 0.750000 5.000000 -1.000000
5.000000 0.250000 0.000000 -1.000000
5.000000 0.250000 5.000000 -1.000000
5.000000 0.500000 0.000000 -1.000000
5.000000 0.500000 5.000000 -1.000000
5.000000 0.750000 0.000000 -1.000000
5.000000 0.750000 5.000000 -1.000000
6.666667 0.250000 0.000000 -1.000000
6.666667 0.250000 5.000000 -1.000000
6.666667 0.500000 0.000000 -1.000000
6.666667 0.500000 5.000000 -1.000000
6.666667 0.750000 0.000000 -1.000000
6.666667 0.750000 5.000000 -1.000000
8.333333 0.250000 0.000000 -1.000000
8.333333 0.250000 5.000000 -1.000000
8.333333 0.500000 0.000000 -1.000000
8.333333 0.500000 5.000000 -1.000000
8.333333 0.750000 0.000000 -1.000000
8.333333 0.750000 5.000000 -1.000000
10.000000 0.250000 0.000000 -1.000000
10.000000 0.250000 0.833333 -1.000000
10.000000 0.250000 1.666667 -1.000000
10.000000 0.250000 2.500000 -1.000000
10.000000 0.250000 3.333333 -1.000000
10.000000 0.250000 4.166667 -1.000000
10.000000 0.250000 5.000000 -1.000000
10.000000 0.500000 0.000000 -1.000000
10.000000 0.500000 0.833333 -1.000000
10.000000 0.500000 1.666667 -1.000000
10.000000 0.500000 2.500000 -1.000000
10.000000 0.500000 3.333333 -1.000000
10.000000 0.500000 4.166667 -1.000000
10.000000 0.500000 5.000000 -1.000000
10.000000 0.750000 0.000000 -1.000000
10.000000 0.750000 0.833333 -1.000000
10.000000 0.750000 1.666667 -1.000000
10.000000 0.750000 2.500000 -1.000000
10.000000 0.750000 3.333333 -1.000000
10.000000 0.750000 4.166667 -1.000000
10.000000 0.750000 5.000000 -1.000000
0.000000 1.000000 0.000000 100.000000
0.000000 1.000000 0.833333 100.000000
0.000000 1.000000 1.666667 100.000000
0.000000 1.000000 2.500000 100.000000
0.000000 1.000000 3.333333 100.000000
0.000000 1.000000 4.166667 100.000000
0.000000 1.000000 5.000000 100.000000
1.666667 1.000000 0.000000 100.000000
1.666667 1.000000 0.833333 100.000000
1.666667 1.000000 1.666667 100.000000
1.666667 1.000000 2.500000 100.000000
1.666667 1.000000 3.333333 100.000000
1.666667 1.000000 4.166667 100.000000
1.666667 1.000000 5.000000 100.000000
3.333333 1.000000 0.000000 100.000000
3.333333 1.000000 0.833333 100.000000
3.333333 1.000000 1.666667 100.000000
3.333333 1.000000 2.500000 100.000000
3.333333 1.000000 3.333333 100.000000
3.333333 1.000000 4.166667 100.000000
3.333333 1.000000 5.000000 100.000000
5.000000 1.000000 0.000000 100.000000
5.000000 1.000000 0.833333 100.000000
5.000000 1.000000 1.666667 100.000000
5.000000 1.000000 2.500000 100.000000
5.000000 1.000000 3.333333 100.000000
5.000000 1.000000 4.166667 100.000000
5.000000 1.000000 5.000000 100.000000
6.666667 1.000000 0.000000 100.000000
6.666667 1.000000 0.833333 100.000000
6.666667 1.000000 1.666667 100.000000
6.666667 1.000000 2.500000 100.000000
6.666667 1.000000 3.333333 100.000000
6.666667 1.000000 4.166667 100.000000
6.666667 1.000000 5.000000 100.000000
8.333333 1.000000 0.000000 100.000000
8.333333 1.000000 0.833333 100.000000
8.333333 1.000000 1.666667 100.000000
8.333333 1.000000 2.500000 100.000000
8.333333 1.000000 3.333333 100.000000
8.333333 1.000000 4.166667 100.000000
8.333333 1.000000 5.000000 100.000000
10.000000 1.000000 0.000000 100.000000
10.000000 1.000000 0.833333 100.000000
10.000000 1.000000 1.666667 100.000000
10.000000 1.000000 2.500000 100.000000
10.000000 1.000000 3.333333 100.000000
10.000000 1.000000 4.166667 100.000000
10.000000 1.000000 5.000000 100.000000
0.000000 0.000000 0.000000 0.000000
0.000000 0.000000 0.833333 0.000000
0.000000 0.000000 1.666667 0.000000
0.000000 0.000000 2.500000 0.000000
0.000000 0.000000 3.333333 0.000000
0.000000 0.000000 4.166667 0.000000
0.000000 0.000000 5.000000 0.000000
1.666667 0.000000 0.000000 0.000000
1.666667 0.000000 0.833333 0.000000
1.666667 0.000000 1.666667 0.000000
1.666667 0.000000 2.500000 0.000000
1.666667 0.000000 3.333333 0.000000
1.666667 0.000000 4.166667 0.000000
1.666667 0.000000 5.000000 0.000000
3.333333 0.000000 0.000000 0.000000
3.333333 0.000000 0.833333 0.000000
3.333333 0.000000 1.666667 0.000000
3.333333 0.000000 2.500000 0.000000
3.333333 0.000000 3.333333 0.000000
3.333333 0.000000 4.166667 0.000000
3.333333 0.000000 5.000000 0.000000
5.000000 0.000000 0.000000 0.000000
5.000000 0.000000 0.833333 0.000000
5.000000 0.000000 1.666667 0.000000
5.000000 0.000000 2.500000 0.000000
5.000000 0.000000 3.333333 0.000000
5.000000 0.000000 4.166667 0.000000
5.000000 0.000000 5.000000 0.000000
6.666667 0.000000 0.000000 0.000000
6.666667 0.000000 0.833333 0.000000
6.666667 0.000000 1.666667 0.000000
6.666667 0.000000 2.500000 0.000000
6.666667 0.000000 3.333333 0.000000
6.666667 0.000000 4.166667 0.000000
6.666667 0.000000 5.000000 0.000000
8.333333 0.000000 0.000000 0.000000
8.333333 0.000000 0.833333 0.000000
8.333333 0.000000 1.666667 0.000000
8.333333 0.000000 2.500000 0.000000
8.333333 0.000000 3.333333 0.000000
8.333333 0.000000 4.166667 0.000000
8.333333 0.000000 5.000000 0.000000
10.000000 0.000000 0.000000 0.000000
10.000000 0.000000 0.833333 0.000000
10.000000 0.000000 1.666667 0.000000
10.000000 0.000000 2.500000 0.000000
10.000000 0.000000 3.333333 0.000000
10.000000 0.000000 4.166667 0.000000
10.000000 0.000000 5.000000 0.000000
