0.500000 0.016667 0.250000 -1.000000
0.500000 0.016667 0.500000 -1.000000
0.500000 0.016667 0.750000 -1.000000
0.500000 0.033333 0.250000 -1.000000
0.500000 0.033333 0.500000 -1.000000
0.500000 0.033333 0.750000 -1.000000
0.500000 0.050000 0.250000 -1.000000
0.500000 0.050000 0.500000 -1.000000
0.500000 0.050000 0.750000 -1.000000
0.500000 0.066667 0.250000 -1.000000
0.500000 0.066667 0.500000 -1.000000
0.500000 0.066667 0.750000 -1.000000
0.500000 0.083333 0.250000 -1.000000
0.500000 0.083333 0.500000 -1.000000
0.500000 0.083333 0.750000 -1.000000
1.000000 0.016667 0.250000 -1.000000
1.000000 0.016667 0.500000 -1.000000
1.000000 0.016667 0.750000 -1.000000
1.000000 0.033333 0.250000 -1.000000
1.000000 0.033333 0.500000 -1.000000
1.000000 0.033333 0.750000 -1.000000
1.000000 0.050000 0.250000 -1.000000
1.000000 0.050000 0.500000 -1.000000
1.000000 0.050000 0.750000 -1.000000
1.000000 0.066667 0.250000 -1.000000
1.000000 0.066667 0.500000 -1.000000
1.000000 0.066667 0.750000 -1.000000
1.000000 0.083333 0.250000 -1.000000
1.000000 0.083333 0.500000 -1.000000
1.000000 0.083333 0.750000 -1.000000
1.500000 0.016667 0.250000 -1.000000
1.500000 0.016667 0.500000 -1.000000
1.500000 0.016667 0.750000 -1.000000
1.500000 0.033333 0.250000 -1.000000
1.500000 0.033333 0.500000 -1.000000
1.500000 0.033333 0.750000 -1.000000
1.500000 0.050000 0.250000 -1.000000
1.500000 0.050000 0.500000 -1.000000
1.500000 0.050000 0.750000 -1.000000
1.500000 0.066667 0.250000 -1.000000
1.500000 0.066667 0.500000 -1.000000
1.500000 0.066667 0.750000 -1.000000
1.500000 0.083333 0.250000 -1.000000
1.500000 0.083333 0.500000 -1.000000
1.500000 0.083333 0.750000 -1.000000
0.000000 0.016667 0.000000 -1.000000
0.000000 0.016667 0.250000 -1.000000
0.000000 0.016667 0.500000 -1.000000
0.000000 0.016667 0.750000 -1.000000
0.000000 0.016667 1.000000 -1.000000
0.000000 0.033333 0.000000 -1.000000
0.000000 0.033333 0.250000 -1.000000
0.000000 0.033333 0.500000 -1.000000
0.000000 0.033333 0.750000 -1.000000
0.000000 0.033333 1.000000 -1.000000
0.000000 0.050000 0.000000 -1.000000
0.000000 0.050000 0.250000 -1.000000
0.000000 0.050000 0.500000 -1.000000
0.000000 0.050000 0.750000 -1.000000
0.000000 0.050000 1.000000 -1.000000
0.000000 0.066667 0.000000 -1.000000
0.000000 0.066667 0.250000 -1.000000
0.000000 0.066667 0.500000 -1.000000
0.000000 0.066667 0.750000 -1.000000
0.000000 0.066667 1.000000 -1.000000
0.000000 0.083333 0.000000 -1.000000
0.000000 0.083333 0.250000 -1.000000
0.000000 0.083333 0.500000 -1.000000
0.000000 0.083333 0.750000 -1.000000
0.000000 0.083333 1.000000 -1.000000
0.500000 0.016667 0.000000 -1.000000
0.500000 0.016667 1.000000 -1.000000
0.500000 0.033333 0.000000 -1.000000
0.500000 0.033333 1.000000 -1.000000
0.500000 0.050000 0.000000 -1.000000
0.500000 0.050000 1.000000 -1.000000
0.500000 0.066667 0.000000 -1.000000
0.500000 0.066667 1.000000 -1.000000
0.500000 0.083333 0.000000 -1.000000
0.500000 0.083333 1.000000 -1.000000
1.000000 0.016667 0.000000 -1.000000
1.000000 0.016667 1.000000 -1.000000
1.000000 0.033333 0.000000 -1.000000
1.000000 0.033333 1.000000 -1.000000
1.000000 0.050000 0.000000 -1.000000
1.000000 0.050000 1.000000 -1.000000
1.000000 0.066667 0.000000 -1.000000
1.000000 0.066667 1.000000 -1.000000
1.000000 0.083333 0.000000 -1.000000
1.000000 0.083333 1.000000 -1.000000
1.500000 0.016667 0.000000 -1.000000
1.500000 0.016667 1.000000 -1.000000
1.500000 0.033333 0.000000 -1.000000
1.500000 0.033333 1.000000 -1.000000
1.500000 0.050000 0.000000 -1.000000
1.500000 0.050000 1.000000 -1.000000
1.500000 0.066667 0.000000 -1.000000
1.500000 0.066667 1.000000 -1.000000
1.500000 0.083333 0.000000 -1.000000
1.500000 0.083333 1.000000 -1.000000
2.000000 0.016667 0.000000 -1.000000
2.000000 0.016667 0.250000 -1.000000
2.000000 0.016667 0.500000 -1.000000
2.000000 0.016667 0.750000 -1.000000
2.000000 0.016667 1.000000 -1.000000
2.000000 0.033333 0.000000 -1.000000
2.000000 0.033333 0.250000 -1.000000
2.000000 0.033333 0.500000 -1.000000
2.000000 0.033333 0.750000 -1.000000
2.000000 0.033333 1.000000 -1.000000
2.000000 0.050000 0.000000 -1.000000
2.000000 0.050000 0.250000 -1.000000
2.000000 0.050000 0.500000 -1.000000
2.000000 0.050000 0.750000 -1.000000
2.000000 0.050000 1.000000 -1.000000
2.000000 0.066667 0.000000 -1.000000
2.000000 0.066667 0.250000 -1.000000
2.000000 0.066667 0.500000 -1.000000
2.000000 0.066667 0.750000 -1.000000
2.000000 0.066667 1.000000 -1.000000
2.000000 0.083333 0.000000 -1.000000
2.000000 0.083333 0.250000 -1.000000
2.000000 0.083333 0.500000 -1.000000
2.000000 0.083333 0.750000 -1.000000
2.000000 0.083333 1.000000 -1.000000
0.000000 0.100000 0.000000 100.000000
0.000000 0.100000 0.250000 100.000000
0.000000 0.100000 0.500000 100.000000
0.000000 0.100000 0.750000 100.000000
0.000000 0.100000 1.000000 100.000000
0.500000 0.100000 0.000000 100.000000
0.500000 0.100000 0.250000 100.000000
0.500000 0.100000 0.500000 100.000000
0.500000 0.100000 0.750000 100.000000
0.500000 0.100000 1.000000 100.000000
1.000000 0.100000 0.000000 100.000000
1.000000 0.100000 0.250000 100.000000
1.000000 0.100000 0.500000 100.000000
1.000000 0.100000 0.750000 100.000000
1.000000 0.100000 1.000000 100.000000
1.500000 0.100000 0.000000 100.000000
1.500000 0.100000 0.250000 100.000000
1.500000 0.100000 0.500000 100.000000
1.500000 0.100000 0.750000 100.000000
1.500000 0.100000 1.000000 100.000000
2.000000 0.100000 0.000000 100.000000
2.000000 0.100000 0.250000 100.000000
2.000000 0.100000 0.500000 100.000000
2.000000 0.100000 0.750000 100.000000
2.000000 0.100000 1.000000 100.000000
0.000000 0.000000 0.000000 0.000000
0.000000 0.000000 0.250000 0.000000
0.000000 0.000000 0.500000 0.000000
0.000000 0.000000 0.750000 0.000000
0.000000 0.000000 1.000000 0.000000
0.500000 0.000000 0.000000 0.000000
0.500000 0.000000 0.250000 0.000000
0.500000 0.000000 0.500000 0.000000
0.500000 0.000000 0.750000 0.000000
0.500000 0.000000 1.000000 0.000000
1.000000 0.000000 0.000000 0.000000
1.000000 0.000000 0.250000 0.000000
1.000000 0.000000 0.500000 0.000000
1.000000 0.000000 0.750000 0.000000
1.000000 0.000000 1.000000 0.000000
1.500000 0.000000 0.000000 0.000000
1.500000 0.000000 0.250000 0.000000
1.500000 0.000000 0.500000 0.000000
1.500000 0.000000 0.750000 0.000000
1.500000 0.000000 1.000000 0.000000
2.000000 0.000000 0.000000 0.000000
2.000000 0.000000 0.250000 0.000000
2.000000 0.000000 0.500000 0.000000
2.000000 0.000000 0.750000 0.000000
2.000000 0.000000 1.000000 0.000000
