0.000000 0.000000 0.000000 -1.000000
0.000000 0.000000 1.250000 -1.000000
0.000000 0.000000 2.500000 -1.000000
0.000000 0.000000 3.750000 -1.000000
0.000000 0.000000 5.000000 -1.000000
0.000000 0.166667 0.000000 -1.000000
0.000000 0.166667 1.250000 -1.000000
0.000000 0.166667 2.500000 -1.000000
0.000000 0.166667 3.750000 -1.000000
0.000000 0.166667 5.000000 -1.000000
0.000000 0.333333 0.000000 -1.000000
0.000000 0.333333 1.250000 -1.000000
0.000000 0.333333 2.500000 -1.000000
0.000000 0.333333 3.750000 -1.000000
0.000000 0.333333 5.000000 -1.000000
0.000000 0.500000 0.000000 -1.000000
0.000000 0.500000 1.250000 -1.000000
0.000000 0.500000 2.500000 -1.000000
0.000000 0.500000 3.750000 -1.000000
0.000000 0.500000 5.000000 -1.000000
0.000000 0.666667 0.000000 -1.000000
0.000000 0.666667 1.250000 -1.000000
0.000000 0.666667 2.500000 -1.000000
0.000000 0.666667 3.750000 -1.000000
0.000000 0.666667 5.000000 -1.000000
0.000000 0.833333 0.000000 -1.000000
0.000000 0.833333 1.250000 -1.000000
0.000000 0.833333 2.500000 -1.000000
0.000000 0.833333 3.750000 -1.000000
0.000000 0.833333 5.000000 -1.000000
0.000000 1.000000 0.000000 -1.000000
0.000000 1.000000 1.250000 -1.000000
0.000000 1.000000 2.500000 -1.000000
0.000000 1.000000 3.750000 -1.000000
0.000000 1.000000 5.000000 -1.000000
1.250000 0.000000 0.000000 -1.000000
1.250000 0.000000 1.250000 -1.000000
1.250000 0.000000 2.500000 -1.000000
1.250000 0.000000 3.750000 -1.000000
1.250000 0.000000 5.000000 -1.000000
1.250000 0.166667 0.000000 -1.000000
1.250000 0.166667 1.250000 -1.000000
1.250000 0.166667 2.500000 -1.000000
1.250000 0.166667 3.750000 -1.000000
1.250000 0.166667 5.000000 -1.000000
1.250000 0.333333 0.000000 -1.000000
1.250000 0.333333 1.250000 -1.000000
1.250000 0.333333 2.500000 -1.000000
1.250000 0.333333 3.750000 -1.000000
1.250000 0.333333 5.000000 -1.000000
1.250000 0.500000 0.000000 -1.000000
1.250000 0.500000 1.250000 -1.000000
1.250000 0.500000 2.500000 -1.000000
1.250000 0.500000 3.750000 -1.000000
1.250000 0.500000 5.000000 -1.000000
1.250000 0.666667 0.000000 -1.000000
1.250000 0.666667 1.250000 -1.000000
1.250000 0.666667 2.500000 -1.000000
1.250000 0.666667 3.750000 -1.000000
1.250000 0.666667 5.000000 -1.000000
1.250000 0.833333 0.000000 -1.000000
1.250000 0.833333 1.250000 -1.000000
1.250000 0.833333 2.500000 -1.000000
1.250000 0.833333 3.750000 -1.000000
1.250000 0.833333 5.000000 -1.000000
1.250000 1.000000 0.000000 -1.000000
1.250000 1.000000 1.250000 -1.000000
1.250000 1.000000 2.500000 -1.000000
1.250000 1.000000 3.750000 -1.000000
1.250000 1.000000 5.000000 -1.000000
2.500000 0.000000 0.000000 -1.000000
2.500000 0.000000 1.250000 -1.000000
2.500000 0.000000 2.500000 -1.000000
2.500000 0.000000 3.750000 -1.000000
2.500000 0.000000 5.000000 -1.000000
2.500000 0.166667 0.000000 -1.000000
2.500000 0.166667 1.250000 -1.000000
2.500000 0.166667 2.500000 -1.000000
2.500000 0.166667 3.750000 -1.000000
2.500000 0.166667 5.000000 -1.000000
2.500000 0.333333 0.000000 -1.000000
2.500000 0.333333 1.250000 -1.000000
2.500000 0.333333 2.500000 -1.000000
2.500000 0.333333 3.750000 -1.000000
2.500000 0.333333 5.000000 -1.000000
2.500000 0.500000 0.000000 -1.000000
2.500000 0.500000 1.250000 -1.000000
2.500000 0.500000 2.500000 -1.000000
2.500000 0.500000 3.750000 -1.000000
2.500000 0.500000 5.000000 -1.000000
2.500000 0.666667 0.000000 -1.000000
2.500000 0.666667 1.250000 -1.000000
2.500000 0.666667 2.500000 -1.000000
2.500000 0.666667 3.750000 -1.000000
2.500000 0.666667 5.000000 -1.000000
2.500000 0.833333 0.000000 -1.000000
2.500000 0.833333 1.250000 -1.000000
2.500000 0.833333 2.500000 -1.000000
2.500000 0.833333 3.750000 -1.000000
2.500000 0.833333 5.000000 -1.000000
2.500000 1.000000 0.000000 -1.000000
2.500000 1.000000 1.250000 -1.000000
2.500000 1.000000 2.500000 -1.000000
2.500000 1.000000 3.750000 -1.000000
2.500000 1.000000 5.000000 -1.000000
3.750000 0.000000 0.000000 -1.000000
3.750000 0.000000 1.250000 -1.000000
3.750000 0.000000 2.500000 -1.000000
3.750000 0.000000 3.750000 -1.000000
3.750000 0.000000 5.000000 -1.000000
3.750000 0.166667 0.000000 -1.000000
3.750000 0.166667 1.250000 -1.000000
3.750000 0.166667 2.500000 -1.000000
3.750000 0.166667 3.750000 -1.000000
3.750000 0.166667 5.000000 -1.000000
3.750000 0.333333 0.000000 -1.000000
3.750000 0.333333 1.250000 -1.000000
3.750000 0.333333 2.500000 -1.000000
3.750000 0.333333 3.750000 -1.000000
3.750000 0.333333 5.000000 -1.000000
3.750000 0.500000 0.000000 -1.000000
3.750000 0.500000 1.250000 -1.000000
3.750000 0.500000 2.500000 -1.000000
3.750000 0.500000 3.750000 -1.000000
3.750000 0.500000 5.000000 -1.000000
3.750000 0.666667 0.000000 100.000000
3.750000 0.666667 1.250000 100.000000
3.750000 0.666667 2.500000 100.000000
3.750000 0.666667 3.750000 100.000000
3.750000 0.666667 5.000000 100.000000
3.750000 0.833333 0.000000 100.000000
3.750000 0.833333 1.250000 100.000000
3.750000 0.833333 2.500000 100.000000
3.750000 0.833333 3.750000 100.000000
3.750000 0.833333 5.000000 100.000000
3.750000 1.000000 0.000000 100.000000
3.750000 1.000000 1.250000 100.000000
3.750000 1.000000 2.500000 100.000000
3.750000 1.000000 3.750000 100.000000
3.750000 1.000000 5.000000 100.000000
5.000000 0.000000 0.000000 100.000000
5.000000 0.000000 1.250000 100.000000
5.000000 0.000000 2.500000 100.000000
5.000000 0.000000 3.750000 100.000000
5.000000 0.000000 5.000000 100.000000
5.000000 0.166667 0.000000 100.000000
5.000000 0.166667 1.250000 100.000000
5.000000 0.166667 2.500000 100.000000
5.000000 0.166667 3.750000 100.000000
5.000000 0.166667 5.000000 100.000000
5.000000 0.333333 0.000000 0.000000
5.000000 0.333333 1.250000 0.000000
5.000000 0.333333 2.500000 0.000000
5.000000 0.333333 3.750000 0.000000
5.000000 0.333333 5.000000 0.000000
5.000000 0.500000 0.000000 0.000000
5.000000 0.500000 1.250000 0.000000
5.000000 0.500000 2.500000 0.000000
5.000000 0.500000 3.750000 0.000000
5.000000 0.500000 5.000000 0.000000
5.000000 0.666667 0.000000 0.000000
5.000000 0.666667 1.250000 0.000000
5.000000 0.666667 2.500000 0.000000
5.000000 0.666667 3.750000 0.000000
5.000000 0.666667 5.000000 0.000000
5.000000 0.833333 0.000000 0.000000
5.000000 0.833333 1.250000 0.000000
5.000000 0.833333 2.500000 0.000000
5.000000 0.833333 3.750000 0.000000
5.000000 0.833333 5.000000 0.000000
5.000000 1.000000 0.000000 0.000000
5.000000 1.000000 1.250000 0.000000
5.000000 1.000000 2.500000 0.000000
5.000000 1.000000 3.750000 0.000000
5.000000 1.000000 5.000000 0.000000
