0.000000 0.000000 0.000000 -1.000000
0.000000 0.000000 5.000000 -1.000000
0.000000 0.000000 10.000000 -1.000000
0.000000 0.000000 15.000000 -1.000000
0.000000 0.000000 20.000000 -1.000000
0.000000 0.166667 0.000000 -1.000000
0.000000 0.166667 5.000000 -1.000000
0.000000 0.166667 10.000000 -1.000000
0.000000 0.166667 15.000000 -1.000000
0.000000 0.166667 20.000000 -1.000000
0.000000 0.333333 0.000000 -1.000000
0.000000 0.333333 5.000000 -1.000000
0.000000 0.333333 10.000000 -1.000000
0.000000 0.333333 15.000000 -1.000000
0.000000 0.333333 20.000000 -1.000000
0.000000 0.500000 0.000000 -1.000000
0.000000 0.500000 5.000000 -1.000000
0.000000 0.500000 10.000000 -1.000000
0.000000 0.500000 15.000000 -1.000000
0.000000 0.500000 20.000000 -1.000000
0.000000 0.666667 0.000000 -1.000000
0.000000 0.666667 5.000000 -1.000000
0.000000 0.666667 10.000000 -1.000000
0.000000 0.666667 15.000000 -1.000000
0.000000 0.666667 20.000000 -1.000000
0.000000 0.833333 0.000000 -1.000000
0.000000 0.833333 5.000000 -1.000000
0.000000 0.833333 10.000000 -1.000000
0.000000 0.833333 15.000000 -1.000000
0.000000 0.833333 20.000000 -1.000000
0.000000 1.000000 0.000000 -1.000000
0.000000 1.000000 5.000000 -1.000000
0.000000 1.000000 10.000000 -1.000000
0.000000 1.000000 15.000000 -1.000000
0.000000 1.000000 20.000000 -1.000000
5.000000 0.000000 0.000000 -1.000000
5.000000 0.000000 5.000000 -1.000000
5.000000 0.000000 10.000000 -1.000000
5.000000 0.000000 15.000000 -1.000000
5.000000 0.000000 20.000000 -1.000000
5.000000 0.166667 0.000000 -1.000000
5.000000 0.166667 5.000000 -1.000000
5.000000 0.166667 10.000000 -1.000000
5.000000 0.166667 15.000000 -1.000000
5.000000 0.166667 20.000000 -1.000000
5.000000 0.333333 0.000000 -1.000000
5.000000 0.333333 5.000000 -1.000000
5.000000 0.333333 10.000000 -1.000000
5.000000 0.333333 15.000000 -1.000000
5.000000 0.333333 20.000000 -1.000000
5.000000 0.500000 0.000000 -1.000000
5.000000 0.500000 5.000000 -1.000000
5.000000 0.500000 10.000000 -1.000000
5.000000 0.500000 15.000000 -1.000000
5.000000 0.500000 20.000000 -1.000000
5.000000 0.666667 0.000000 -1.000000
5.000000 0.666667 5.000000 -1.000000
5.000000 0.666667 10.000000 -1.000000
5.000000 0.666667 15.000000 -1.000000
5.000000 0.666667 20.000000 -1.000000
5.000000 0.833333 0.000000 -1.000000
5.000000 0.833333 5.000000 -1.000000
5.000000 0.833333 10.000000 -1.000000
5.000000 0.833333 15.000000 -1.000000
5.000000 0.833333 20.000000 -1.000000
5.000000 1.000000 0.000000 -1.000000
5.000000 1.000000 5.000000 -1.000000
5.000000 1.000000 10.000000 -1.000000
5.000000 1.000000 15.000000 -1.000000
5.000000 1.000000 20.000000 -1.000000
10.000000 0.000000 0.000000 -1.000000
10.000000 0.000000 5.000000 -1.000000
10.000000 0.000000 10.000000 -1.000000
10.000000 0.000000 15.000000 -1.000000
10.000000 0.000000 20.000000 -1.000000
10.000000 0.166667 0.000000 -1.000000
10.000000 0.166667 5.000000 -1.000000
10.000000 0.166667 10.000000 -1.000000
10.000000 0.166667 15.000000 -1.000000
10.000000 0.166667 20.000000 -1.000000
10.000000 0.333333 0.000000 -1.000000
10.000000 0.333333 5.000000 -1.000000
10.000000 0.333333 10.000000 -1.000000
10.000000 0.333333 15.000000 -1.000000
10.000000 0.333333 20.000000 -1.000000
10.000000 0.500000 0.000000 -1.000000
10.000000 0.500000 5.000000 -1.000000
10.000000 0.500000 10.000000 -1.000000
10.000000 0.500000 15.000000 -1.000000
10.000000 0.500000 20.000000 -1.000000
10.000000 0.666667 0.000000 -1.000000
10.000000 0.666667 5.000000 -1.000000
10.000000 0.666667 10.000000 -1.000000
10.000000 0.666667 15.000000 -1.000000
10.000000 0.666667 20.000000 -1.000000
10.000000 0.833333 0.000000 -1.000000
10.000000 0.833333 5.000000 -1.000000
10.000000 0.833333 10.000000 -1.000000
10.000000 0.833333 15.000000 -1.000000
10.000000 0.833333 20.000000 -1.000000
10.000000 1.000000 0.000000 -1.000000
10.000000 1.000000 5.000000 -1.000000
10.000000 1.000000 10.000000 -1.000000
10.000000 1.000000 15.000000 -1.000000
10.000000 1.000000 20.000000 -1.000000
15.000000 0.000000 0.000000 -1.000000
15.000000 0.000000 5.000000 -1.000000
15.000000 0.000000 10.000000 -1.000000
15.000000 0.000000 15.000000 -1.000000
15.000000 0.000000 20.000000 -1.000000
15.000000 0.166667 0.000000 -1.000000
15.000000 0.166667 5.000000 -1.000000
15.000000 0.166667 10.000000 -1.000000
15.000000 0.166667 15.000000 -1.000000
15.000000 0.166667 20.000000 -1.000000
15.000000 0.333333 0.000000 -1.000000
15.000000 0.333333 5.000000 -1.000000
15.000000 0.333333 10.000000 -1.000000
15.000000 0.333333 15.000000 -1.000000
15.000000 0.333333 20.000000 -1.000000
15.000000 0.500000 0.000000 -1.000000
15.000000 0.500000 5.000000 -1.000000
15.000000 0.500000 10.000000 -1.000000
15.000000 0.500000 15.000000 -1.000000
15.000000 0.500000 20.000000 -1.000000
15.000000 0.666667 0.000000 100.000000
15.000000 0.666667 5.000000 100.000000
15.000000 0.666667 10.000000 100.000000
15.000000 0.666667 15.000000 100.000000
15.000000 0.666667 20.000000 100.000000
15.000000 0.833333 0.000000 100.000000
15.000000 0.833333 5.000000 100.000000
15.000000 0.833333 10.000000 100.000000
15.000000 0.833333 15.000000 100.000000
15.000000 0.833333 20.000000 100.000000
15.000000 1.000000 0.000000 100.000000
15.000000 1.000000 5.000000 100.000000
15.000000 1.000000 10.000000 100.000000
15.000000 1.000000 15.000000 100.000000
15.000000 1.000000 20.000000 100.000000
20.000000 0.000000 0.000000 100.000000
20.000000 0.000000 5.000000 100.000000
20.000000 0.000000 10.000000 100.000000
20.000000 0.000000 15.000000 100.000000
20.000000 0.000000 20.000000 100.000000
20.000000 0.166667 0.000000 100.000000
20.000000 0.166667 5.000000 100.000000
20.000000 0.166667 10.000000 100.000000
20.000000 0.166667 15.000000 100.000000
20.000000 0.166667 20.000000 100.000000
20.000000 0.333333 0.000000 0.000000
20.000000 0.333333 5.000000 0.000000
20.000000 0.333333 10.000000 0.000000
20.000000 0.333333 15.000000 0.000000
20.000000 0.333333 20.000000 0.000000
20.000000 0.500000 0.000000 0.000000
20.000000 0.500000 5.000000 0.000000
20.000000 0.500000 10.000000 0.000000
20.000000 0.500000 15.000000 0.000000
20.000000 0.500000 20.000000 0.000000
20.000000 0.666667 0.000000 0.000000
20.000000 0.666667 5.000000 0.000000
20.000000 0.666667 10.000000 0.000000
20.000000 0.666667 15.000000 0.000000
20.000000 0.666667 20.000000 0.000000
20.000000 0.833333 0.000000 0.000000
20.000000 0.833333 5.000000 0.000000
20.000000 0.833333 10.000000 0.000000
20.000000 0.833333 15.000000 0.000000
20.000000 0.833333 20.000000 0.000000
20.000000 1.000000 0.000000 0.000000
20.000000 1.000000 5.000000 0.000000
20.000000 1.000000 10.000000 0.000000
20.000000 1.000000 15.000000 0.000000
20.000000 1.000000 20.000000 0.000000
