0.000000 0.000000 0.025000 -1.000000
0.000000 0.000000 0.050000 -1.000000
0.000000 0.000000 0.075000 -1.000000
0.000000 1.000000 0.025000 -1.000000
0.000000 1.000000 0.050000 -1.000000
0.000000 1.000000 0.075000 -1.000000
1.000000 0.000000 0.025000 -1.000000
1.000000 0.000000 0.050000 -1.000000
1.000000 0.000000 0.075000 -1.000000
1.000000 1.000000 0.025000 -1.000000
1.000000 1.000000 0.050000 -1.000000
1.000000 1.000000 0.075000 -1.000000
2.000000 0.000000 0.025000 -1.000000
2.000000 0.000000 0.050000 -1.000000
2.000000 0.000000 0.075000 -1.000000
2.000000 1.000000 0.025000 -1.000000
2.000000 1.000000 0.050000 -1.000000
2.000000 1.000000 0.075000 -1.000000
0.000000 0.000000 0.100000 100.000000
0.000000 1.000000 0.100000 100.000000
1.000000 0.000000 0.100000 100.000000
1.000000 1.000000 0.100000 100.000000
2.000000 0.000000 0.100000 100.000000
2.000000 1.000000 0.100000 100.000000
0.000000 0.000000 0.000000 0.000000
0.000000 1.000000 0.000000 0.000000
1.000000 0.000000 0.000000 0.000000
1.000000 1.000000 0.000000 0.000000
2.000000 0.000000 0.000000 0.000000
2.000000 1.000000 0.000000 0.000000
