1.000000 1.000000 0.033333 -1.000000
1.000000 1.000000 0.066667 -1.000000
1.000000 2.000000 0.033333 -1.000000
1.000000 2.000000 0.066667 -1.000000
2.000000 1.000000 0.033333 -1.000000
2.000000 1.000000 0.066667 -1.000000
2.000000 2.000000 0.033333 -1.000000
2.000000 2.000000 0.066667 -1.000000
0.000000 0.000000 0.033333 -1.000000
0.000000 0.000000 0.066667 -1.000000
0.000000 1.000000 0.033333 -1.000000
0.000000 1.000000 0.066667 -1.000000
0.000000 2.000000 0.033333 -1.000000
0.000000 2.000000 0.066667 -1.000000
0.000000 3.000000 0.033333 -1.000000
0.000000 3.000000 0.066667 -1.000000
1.000000 0.000000 0.033333 -1.000000
1.000000 0.000000 0.066667 -1.000000
1.000000 3.000000 0.033333 -1.000000
1.000000 3.000000 0.066667 -1.000000
2.000000 0.000000 0.033333 -1.000000
2.000000 0.000000 0.066667 -1.000000
2.000000 3.000000 0.033333 -1.000000
2.000000 3.000000 0.066667 -1.000000
3.000000 0.000000 0.033333 -1.000000
3.000000 0.000000 0.066667 -1.000000
3.000000 1.000000 0.033333 -1.000000
3.000000 1.000000 0.066667 -1.000000
3.000000 2.000000 0.033333 -1.000000
3.000000 2.000000 0.066667 -1.000000
3.000000 3.000000 0.033333 -1.000000
3.000000 3.000000 0.066667 -1.000000
0.000000 0.000000 0.100000 100.000000
0.000000 1.000000 0.100000 100.000000
0.000000 2.000000 0.100000 100.000000
0.000000 3.000000 0.100000 100.000000
1.000000 0.000000 0.100000 100.000000
1.000000 1.000000 0.100000 100.000000
1.000000 2.000000 0.100000 100.000000
1.000000 3.000000 0.100000 100.000000
2.000000 0.000000 0.100000 100.000000
2.000000 1.000000 0.100000 100.000000
2.000000 2.000000 0.100000 100.000000
2.000000 3.000000 0.100000 100.000000
3.000000 0.000000 0.100000 100.000000
3.000000 1.000000 0.100000 100.000000
3.000000 2.000000 0.100000 100.000000
3.000000 3.000000 0.100000 100.000000
0.000000 0.000000 0.000000 0.000000
0.000000 1.000000 0.000000 0.000000
0.000000 2.000000 0.000000 0.000000
0.000000 3.000000 0.000000 0.000000
1.000000 0.000000 0.000000 0.000000
1.000000 1.000000 0.000000 0.000000
1.000000 2.000000 0.000000 0.000000
1.000000 3.000000 0.000000 0.000000
2.000000 0.000000 0.000000 0.000000
2.000000 1.000000 0.000000 0.000000
2.000000 2.000000 0.000000 0.000000
2.000000 3.000000 0.000000 0.000000
3.000000 0.000000 0.000000 0.000000
3.000000 1.000000 0.000000 0.000000
3.000000 2.000000 0.000000 0.000000
3.000000 3.000000 0.000000 0.000000
