0.000000 0.000000 1.166667 -1.000000
0.000000 0.000000 2.333333 -1.000000
0.000000 0.000000 3.500000 -1.000000
0.000000 0.000000 3.670000 -1.000000
0.000000 0.000000 4.375000 -1.000000
0.000000 0.000000 5.250000 -1.000000
0.000000 0.000000 6.125000 -1.000000
0.000000 0.000000 7.000000 -1.000000
0.000000 1.000000 0.000000 -1.000000
0.000000 1.000000 1.166667 -1.000000
0.000000 1.000000 2.333333 -1.000000
0.000000 1.000000 3.500000 -1.000000
0.000000 1.000000 3.670000 -1.000000
0.000000 1.000000 4.375000 -1.000000
0.000000 1.000000 5.250000 -1.000000
0.000000 1.000000 6.125000 -1.000000
0.000000 1.000000 7.000000 -1.000000
0.000000 2.000000 0.000000 -1.000000
0.000000 2.000000 1.166667 -1.000000
0.000000 2.000000 2.333333 -1.000000
0.000000 2.000000 3.500000 -1.000000
0.000000 2.000000 3.670000 -1.000000
0.000000 2.000000 4.375000 -1.000000
0.000000 2.000000 5.250000 -1.000000
0.000000 2.000000 6.125000 -1.000000
0.000000 2.000000 7.000000 -1.000000
0.000000 3.000000 0.000000 -1.000000
0.000000 3.000000 1.166667 -1.000000
0.000000 3.000000 2.333333 -1.000000
0.000000 3.000000 3.500000 -1.000000
0.000000 3.000000 3.670000 -1.000000
0.000000 3.000000 4.375000 -1.000000
0.000000 3.000000 5.250000 -1.000000
0.000000 3.000000 6.125000 -1.000000
0.000000 3.000000 7.000000 -1.000000
0.000000 4.000000 1.166667 -1.000000
0.000000 4.000000 2.333333 -1.000000
0.000000 4.000000 3.500000 -1.000000
0.000000 4.000000 3.670000 -1.000000
0.000000 4.000000 4.375000 -1.000000
0.000000 4.000000 5.250000 -1.000000
0.000000 4.000000 6.125000 -1.000000
0.000000 4.000000 7.000000 -1.000000
0.000000 5.333333 2.333333 -1.000000
0.000000 5.333333 3.500000 -1.000000
0.000000 5.333333 3.670000 -1.000000
0.000000 5.333333 4.375000 -1.000000
0.000000 5.333333 5.250000 -1.000000
0.000000 5.333333 6.125000 -1.000000
0.000000 5.333333 7.000000 -1.000000
0.000000 6.666667 2.333333 -1.000000
0.000000 6.666667 3.500000 -1.000000
0.000000 6.666667 3.670000 -1.000000
0.000000 6.666667 4.375000 -1.000000
0.000000 6.666667 5.250000 -1.000000
0.000000 6.666667 6.125000 -1.000000
0.000000 6.666667 7.000000 -1.000000
0.000000 8.000000 1.166667 -1.000000
0.000000 8.000000 2.333333 -1.000000
0.000000 8.000000 3.500000 -1.000000
0.000000 8.000000 3.670000 -1.000000
0.000000 8.000000 4.375000 -1.000000
0.000000 8.000000 5.250000 -1.000000
0.000000 8.000000 6.125000 -1.000000
0.000000 8.000000 7.000000 -1.000000
0.000000 9.000000 0.000000 -1.000000
0.000000 9.000000 1.166667 -1.000000
0.000000 9.000000 2.333333 -1.000000
0.000000 9.000000 3.500000 -1.000000
0.000000 9.000000 3.670000 -1.000000
0.000000 9.000000 4.375000 -1.000000
0.000000 9.000000 5.250000 -1.000000
0.000000 9.000000 6.125000 -1.000000
0.000000 9.000000 7.000000 -1.000000
0.000000 10.000000 0.000000 -1.000000
0.000000 10.000000 1.166667 -1.000000
0.000000 10.000000 2.333333 -1.000000
0.000000 10.000000 3.500000 -1.000000
0.000000 10.000000 3.670000 -1.000000
0.000000 10.000000 4.375000 -1.000000
0.000000 10.000000 5.250000 -1.000000
0.000000 10.000000 6.125000 -1.000000
0.000000 10.000000 7.000000 -1.000000
0.000000 11.000000 0.000000 -1.000000
0.000000 11.000000 1.166667 -1.000000
0.000000 11.000000 2.333333 -1.000000
0.000000 11.000000 3.500000 -1.000000
0.000000 11.000000 3.670000 -1.000000
0.000000 11.000000 4.375000 -1.000000
0.000000 11.000000 5.250000 -1.000000
0.000000 11.000000 6.125000 -1.000000
0.000000 11.000000 7.000000 -1.000000
0.000000 12.000000 1.166667 -1.000000
0.000000 12.000000 2.333333 -1.000000
0.000000 12.000000 3.500000 -1.000000
0.000000 12.000000 3.670000 -1.000000
0.000000 12.000000 4.375000 -1.000000
0.000000 12.000000 5.250000 -1.000000
0.000000 12.000000 6.125000 -1.000000
0.000000 12.000000 7.000000 -1.000000
1.444444 0.000000 0.000000 -1.000000
1.444444 0.000000 1.166667 -1.000000
1.444444 0.000000 2.333333 -1.000000
1.444444 0.000000 3.500000 -1.000000
1.444444 0.000000 3.670000 -1.000000
1.444444 0.000000 4.375000 -1.000000
1.444444 0.000000 5.250000 -1.000000
1.444444 0.000000 6.125000 -1.000000
1.444444 0.000000 7.000000 -1.000000
1.444444 1.000000 0.000000 -1.000000
1.444444 1.000000 1.166667 -1.000000
1.444444 1.000000 2.333333 -1.000000
1.444444 1.000000 3.500000 -1.000000
1.444444 1.000000 3.670000 -1.000000
1.444444 1.000000 4.375000 -1.000000
1.444444 1.000000 5.250000 -1.000000
1.444444 1.000000 6.125000 -1.000000
1.444444 1.000000 7.000000 -1.000000
1.444444 2.000000 0.000000 -1.000000
1.444444 2.000000 1.166667 -1.000000
1.444444 2.000000 2.333333 -1.000000
1.444444 2.000000 3.500000 -1.000000
1.444444 2.000000 3.670000 -1.000000
1.444444 2.000000 4.375000 -1.000000
1.444444 2.000000 5.250000 -1.000000
1.444444 2.000000 6.125000 -1.000000
1.444444 2.000000 7.000000 -1.000000
1.444444 3.000000 0.000000 -1.000000
1.444444 3.000000 1.166667 -1.000000
1.444444 3.000000 2.333333 -1.000000
1.444444 3.000000 3.500000 -1.000000
1.444444 3.000000 3.670000 -1.000000
1.444444 3.000000 4.375000 -1.000000
1.444444 3.000000 5.250000 -1.000000
1.444444 3.000000 6.125000 -1.000000
1.444444 3.000000 7.000000 -1.000000
1.444444 4.000000 0.000000 -1.000000
1.444444 4.000000 1.166667 -1.000000
1.444444 4.000000 2.333333 -1.000000
1.444444 4.000000 3.500000 -1.000000
1.444444 4.000000 3.670000 -1.000000
1.444444 4.000000 4.375000 -1.000000
1.444444 4.000000 5.250000 -1.000000
1.444444 4.000000 6.125000 -1.000000
1.444444 4.000000 7.000000 -1.000000
1.444444 5.333333 0.000000 -1.000000
1.444444 5.333333 1.166667 -1.000000
1.444444 5.333333 2.333333 -1.000000
1.444444 5.333333 3.500000 -1.000000
1.444444 5.333333 3.670000 -1.000000
1.444444 5.333333 4.375000 -1.000000
1.444444 5.333333 5.250000 -1.000000
1.444444 5.333333 6.125000 -1.000000
1.444444 5.333333 7.000000 -1.000000
1.444444 6.666667 0.000000 -1.000000
1.444444 6.666667 1.166667 -1.000000
1.444444 6.666667 2.333333 -1.000000
1.444444 6.666667 3.500000 -1.000000
1.444444 6.666667 3.670000 -1.000000
1.444444 6.666667 4.375000 -1.000000
1.444444 6.666667 5.250000 -1.000000
1.444444 6.666667 6.125000 -1.000000
1.444444 6.666667 7.000000 -1.000000
1.444444 8.000000 0.000000 -1.000000
1.444444 8.000000 1.166667 -1.000000
1.444444 8.000000 2.333333 -1.000000
1.444444 8.000000 3.500000 -1.000000
1.444444 8.000000 3.670000 -1.000000
1.444444 8.000000 4.375000 -1.000000
1.444444 8.000000 5.250000 -1.000000
1.444444 8.000000 6.125000 -1.000000
1.444444 8.000000 7.000000 -1.000000
1.444444 9.000000 0.000000 -1.000000
1.444444 9.000000 1.166667 -1.000000
1.444444 9.000000 2.333333 -1.000000
1.444444 9.000000 3.500000 -1.000000
1.444444 9.000000 3.670000 -1.000000
1.444444 9.000000 4.375000 -1.000000
1.444444 9.000000 5.250000 -1.000000
1.444444 9.000000 6.125000 -1.000000
1.444444 9.000000 7.000000 -1.000000
1.444444 10.000000 0.000000 -1.000000
1.444444 10.000000 1.166667 -1.000000
1.444444 10.000000 2.333333 -1.000000
1.444444 10.000000 3.500000 -1.000000
1.444444 10.000000 3.670000 -1.000000
1.444444 10.000000 4.375000 -1.000000
1.444444 10.000000 5.250000 -1.000000
1.444444 10.000000 6.125000 -1.000000
1.444444 10.000000 7.000000 -1.000000
1.444444 11.000000 0.000000 -1.000000
1.444444 11.000000 1.166667 -1.000000
1.444444 11.000000 2.333333 -1.000000
1.444444 11.000000 3.500000 -1.000000
1.444444 11.000000 3.670000 -1.000000
1.444444 11.000000 4.375000 -1.000000
1.444444 11.000000 5.250000 -1.000000
1.444444 11.000000 6.125000 -1.000000
1.444444 11.000000 7.000000 -1.000000
1.444444 12.000000 0.000000 -1.000000
1.444444 12.000000 1.166667 -1.000000
1.444444 12.000000 2.333333 -1.000000
1.444444 12.000000 3.500000 -1.000000
1.444444 12.000000 3.670000 -1.000000
1.444444 12.000000 4.375000 -1.000000
1.444444 12.000000 5.250000 -1.000000
1.444444 12.000000 6.125000 -1.000000
1.444444 12.000000 7.000000 -1.000000
2.888889 0.000000 0.000000 -1.000000
2.888889 0.000000 1.166667 -1.000000
2.888889 0.000000 2.333333 -1.000000
2.888889 0.000000 3.500000 -1.000000
2.888889 0.000000 3.670000 -1.000000
2.888889 0.000000 4.375000 -1.000000
2.888889 0.000000 5.250000 -1.000000
2.888889 0.000000 6.125000 -1.000000
2.888889 0.000000 7.000000 -1.000000
2.888889 1.000000 0.000000 -1.000000
2.888889 1.000000 1.166667 -1.000000
2.888889 1.000000 2.333333 -1.000000
2.888889 1.000000 3.500000 -1.000000
2.888889 1.000000 3.670000 -1.000000
2.888889 1.000000 4.375000 -1.000000
2.888889 1.000000 5.250000 -1.000000
2.888889 1.000000 6.125000 -1.000000
2.888889 1.000000 7.000000 -1.000000
2.888889 2.000000 0.000000 -1.000000
2.888889 2.000000 1.166667 -1.000000
2.888889 2.000000 2.333333 -1.000000
2.888889 2.000000 3.500000 -1.000000
2.888889 2.000000 3.670000 -1.000000
2.888889 2.000000 4.375000 -1.000000
2.888889 2.000000 5.250000 -1.000000
2.888889 2.000000 6.125000 -1.000000
2.888889 2.000000 7.000000 -1.000000
2.888889 3.000000 0.000000 -1.000000
2.888889 3.000000 1.166667 -1.000000
2.888889 3.000000 2.333333 -1.000000
2.888889 3.000000 3.500000 -1.000000
2.888889 3.000000 3.670000 -1.000000
2.888889 3.000000 4.375000 -1.000000
2.888889 3.000000 5.250000 -1.000000
2.888889 3.000000 6.125000 -1.000000
2.888889 3.000000 7.000000 -1.000000
2.888889 4.000000 0.000000 -1.000000
2.888889 4.000000 1.166667 -1.000000
2.888889 4.000000 2.333333 -1.000000
2.888889 4.000000 3.500000 -1.000000
2.888889 4.000000 3.670000 -1.000000
2.888889 4.000000 4.375000 -1.000000
2.888889 4.000000 5.250000 -1.000000
2.888889 4.000000 6.125000 -1.000000
2.888889 4.000000 7.000000 -1.000000
2.888889 5.333333 0.000000 -1.000000
2.888889 5.333333 1.166667 -1.000000
2.888889 5.333333 2.333333 -1.000000
2.888889 5.333333 3.500000 -1.000000
2.888889 5.333333 3.670000 -1.000000
2.888889 5.333333 4.375000 -1.000000
2.888889 5.333333 5.250000 -1.000000
2.888889 5.333333 6.125000 -1.000000
2.888889 5.333333 7.000000 -1.000000
2.888889 6.666667 0.000000 -1.000000
2.888889 6.666667 1.166667 -1.000000
2.888889 6.666667 2.333333 -1.000000
2.888889 6.666667 3.500000 -1.000000
2.888889 6.666667 3.670000 -1.000000
2.888889 6.666667 4.375000 -1.000000
2.888889 6.666667 5.250000 -1.000000
2.888889 6.666667 6.125000 -1.000000
2.888889 6.666667 7.000000 -1.000000
2.888889 8.000000 0.000000 -1.000000
2.888889 8.000000 1.166667 -1.000000
2.888889 8.000000 2.333333 -1.000000
2.888889 8.000000 3.500000 -1.000000
2.888889 8.000000 3.670000 -1.000000
2.888889 8.000000 4.375000 -1.000000
2.888889 8.000000 5.250000 -1.000000
2.888889 8.000000 6.125000 -1.000000
2.888889 8.000000 7.000000 -1.000000
2.888889 9.000000 0.000000 -1.000000
2.888889 9.000000 1.166667 -1.000000
2.888889 9.000000 2.333333 -1.000000
2.888889 9.000000 3.500000 -1.000000
2.888889 9.000000 3.670000 -1.000000
2.888889 9.000000 4.375000 -1.000000
2.888889 9.000000 5.250000 -1.000000
2.888889 9.000000 6.125000 -1.000000
2.888889 9.000000 7.000000 -1.000000
2.888889 10.000000 0.000000 -1.000000
2.888889 10.000000 1.166667 -1.000000
2.888889 10.000000 2.333333 -1.000000
2.888889 10.000000 3.500000 -1.000000
2.888889 10.000000 3.670000 -1.000000
2.888889 10.000000 4.375000 -1.000000
2.888889 10.000000 5.250000 -1.000000
2.888889 10.000000 6.125000 -1.000000
2.888889 10.000000 7.000000 -1.000000
2.888889 11.000000 0.000000 -1.000000
2.888889 11.000000 1.166667 -1.000000
2.888889 11.000000 2.333333 -1.000000
2.888889 11.000000 3.500000 -1.000000
2.888889 11.000000 3.670000 -1.000000
2.888889 11.000000 4.375000 -1.000000
2.888889 11.000000 5.250000 -1.000000
2.888889 11.000000 6.125000 -1.000000
2.888889 11.000000 7.000000 -1.000000
2.888889 12.000000 0.000000 -1.000000
2.888889 12.000000 1.166667 -1.000000
2.888889 12.000000 2.333333 -1.000000
2.888889 12.000000 3.500000 -1.000000
2.888889 12.000000 3.670000 -1.000000
2.888889 12.000000 4.375000 -1.000000
2.888889 12.000000 5.250000 -1.000000
2.888889 12.000000 6.125000 -1.000000
2.888889 12.000000 7.000000 -1.000000
4.333333 0.000000 0.000000 -1.000000
4.333333 0.000000 1.166667 -1.000000
4.333333 0.000000 2.333333 -1.000000
4.333333 0.000000 3.500000 -1.000000
4.333333 0.000000 3.670000 -1.000000
4.333333 0.000000 4.375000 -1.000000
4.333333 0.000000 5.250000 -1.000000
4.333333 0.000000 6.125000 -1.000000
4.333333 0.000000 7.000000 -1.000000
4.333333 1.000000 0.000000 -1.000000
4.333333 1.000000 1.166667 -1.000000
4.333333 1.000000 2.333333 -1.000000
4.333333 1.000000 3.500000 -1.000000
4.333333 1.000000 3.670000 -1.000000
4.333333 1.000000 4.375000 -1.000000
4.333333 1.000000 5.250000 -1.000000
4.333333 1.000000 6.125000 -1.000000
4.333333 1.000000 7.000000 -1.000000
4.333333 2.000000 0.000000 -1.000000
4.333333 2.000000 1.166667 -1.000000
4.333333 2.000000 2.333333 -1.000000
4.333333 2.000000 3.500000 -1.000000
4.333333 2.000000 3.670000 -1.000000
4.333333 2.000000 4.375000 -1.000000
4.333333 2.000000 5.250000 -1.000000
4.333333 2.000000 6.125000 -1.000000
4.333333 2.000000 7.000000 -1.000000
4.333333 3.000000 0.000000 -1.000000
4.333333 3.000000 1.166667 -1.000000
4.333333 3.000000 2.333333 -1.000000
4.333333 3.000000 3.500000 -1.000000
4.333333 3.000000 3.670000 -1.000000
4.333333 3.000000 4.375000 -1.000000
4.333333 3.000000 5.250000 -1.000000
4.333333 3.000000 6.125000 -1.000000
4.333333 3.000000 7.000000 -1.000000
4.333333 4.000000 0.000000 -1.000000
4.333333 4.000000 1.166667 -1.000000
4.333333 4.000000 2.333333 -1.000000
4.333333 4.000000 3.500000 -1.000000
4.333333 4.000000 3.670000 -1.000000
4.333333 4.000000 4.375000 -1.000000
4.333333 4.000000 5.250000 -1.000000
4.333333 4.000000 6.125000 -1.000000
4.333333 4.000000 7.000000 -1.000000
4.333333 5.333333 0.000000 -1.000000
4.333333 5.333333 1.166667 -1.000000
4.333333 5.333333 2.333333 -1.000000
4.333333 5.333333 3.500000 -1.000000
4.333333 5.333333 3.670000 -1.000000
4.333333 5.333333 4.375000 -1.000000
4.333333 5.333333 5.250000 -1.000000
4.333333 5.333333 6.125000 -1.000000
4.333333 5.333333 7.000000 -1.000000
4.333333 6.666667 0.000000 -1.000000
4.333333 6.666667 1.166667 -1.000000
4.333333 6.666667 2.333333 -1.000000
4.333333 6.666667 3.500000 -1.000000
4.333333 6.666667 3.670000 -1.000000
4.333333 6.666667 4.375000 -1.000000
4.333333 6.666667 5.250000 -1.000000
4.333333 6.666667 6.125000 -1.000000
4.333333 6.666667 7.000000 -1.000000
4.333333 8.000000 0.000000 -1.000000
4.333333 8.000000 1.166667 -1.000000
4.333333 8.000000 2.333333 -1.000000
4.333333 8.000000 3.500000 -1.000000
4.333333 8.000000 3.670000 -1.000000
4.333333 8.000000 4.375000 -1.000000
4.333333 8.000000 5.250000 -1.000000
4.333333 8.000000 6.125000 -1.000000
4.333333 8.000000 7.000000 -1.000000
4.333333 9.000000 0.000000 -1.000000
4.333333 9.000000 1.166667 -1.000000
4.333333 9.000000 2.333333 -1.000000
4.333333 9.000000 3.500000 -1.000000
4.333333 9.000000 3.670000 -1.000000
4.333333 9.000000 4.375000 -1.000000
4.333333 9.000000 5.250000 -1.000000
4.333333 9.000000 6.125000 -1.000000
4.333333 9.000000 7.000000 -1.000000
4.333333 10.000000 0.000000 -1.000000
4.333333 10.000000 1.166667 -1.000000
4.333333 10.000000 2.333333 -1.000000
4.333333 10.000000 3.500000 -1.000000
4.333333 10.000000 3.670000 -1.000000
4.333333 10.000000 4.375000 -1.000000
4.333333 10.000000 5.250000 -1.000000
4.333333 10.000000 6.125000 -1.000000
4.333333 10.000000 7.000000 -1.000000
4.333333 11.000000 0.000000 -1.000000
4.333333 11.000000 1.166667 -1.000000
4.333333 11.000000 2.333333 -1.000000
4.333333 11.000000 3.500000 -1.000000
4.333333 11.000000 3.670000 -1.000000
4.333333 11.000000 4.375000 -1.000000
4.333333 11.000000 5.250000 -1.000000
4.333333 11.000000 6.125000 -1.000000
4.333333 11.000000 7.000000 -1.000000
4.333333 12.000000 0.000000 -1.000000
4.333333 12.000000 1.166667 -1.000000
4.333333 12.000000 2.333333 -1.000000
4.333333 12.000000 3.500000 -1.000000
4.333333 12.000000 3.670000 -1.000000
4.333333 12.000000 4.375000 -1.000000
4.333333 12.000000 5.250000 -1.000000
4.333333 12.000000 6.125000 -1.000000
4.333333 12.000000 7.000000 -1.000000
5.416667 0.000000 0.000000 -1.000000
5.416667 0.000000 1.166667 -1.000000
5.416667 0.000000 2.333333 -1.000000
5.416667 0.000000 3.500000 -1.000000
5.416667 0.000000 3.670000 -1.000000
5.416667 0.000000 4.375000 -1.000000
5.416667 0.000000 5.250000 -1.000000
5.416667 0.000000 6.125000 -1.000000
5.416667 0.000000 7.000000 -1.000000
5.416667 1.000000 0.000000 -1.000000
5.416667 1.000000 1.166667 -1.000000
5.416667 1.000000 2.333333 -1.000000
5.416667 1.000000 3.500000 -1.000000
5.416667 1.000000 3.670000 -1.000000
5.416667 2.000000 0.000000 -1.000000
5.416667 2.000000 1.166667 -1.000000
5.416667 2.000000 2.333333 -1.000000
5.416667 2.000000 3.500000 -1.000000
5.416667 2.000000 3.670000 -1.000000
5.416667 3.000000 0.000000 -1.000000
5.416667 3.000000 1.166667 -1.000000
5.416667 3.000000 2.333333 -1.000000
5.416667 3.000000 3.500000 -1.000000
5.416667 3.000000 3.670000 -1.000000
5.416667 4.000000 0.000000 -1.000000
5.416667 4.000000 1.166667 -1.000000
5.416667 4.000000 2.333333 -1.000000
5.416667 4.000000 3.500000 -1.000000
5.416667 4.000000 3.670000 -1.000000
5.416667 4.000000 4.375000 -1.000000
5.416667 4.000000 5.250000 -1.000000
5.416667 4.000000 6.125000 -1.000000
5.416667 4.000000 7.000000 -1.000000
5.416667 5.333333 0.000000 -1.000000
5.416667 5.333333 1.166667 -1.000000
5.416667 5.333333 2.333333 -1.000000
5.416667 5.333333 3.500000 -1.000000
5.416667 5.333333 3.670000 -1.000000
5.416667 5.333333 4.375000 -1.000000
5.416667 5.333333 5.250000 -1.000000
5.416667 5.333333 6.125000 -1.000000
5.416667 5.333333 7.000000 -1.000000
5.416667 6.666667 0.000000 -1.000000
5.416667 6.666667 1.166667 -1.000000
5.416667 6.666667 2.333333 -1.000000
5.416667 6.666667 3.500000 -1.000000
5.416667 6.666667 3.670000 -1.000000
5.416667 6.666667 4.375000 -1.000000
5.416667 6.666667 5.250000 -1.000000
5.416667 6.666667 6.125000 -1.000000
5.416667 6.666667 7.000000 -1.000000
5.416667 8.000000 0.000000 -1.000000
5.416667 8.000000 1.166667 -1.000000
5.416667 8.000000 2.333333 -1.000000
5.416667 8.000000 3.500000 -1.000000
5.416667 8.000000 3.670000 -1.000000
5.416667 8.000000 4.375000 -1.000000
5.416667 8.000000 5.250000 -1.000000
5.416667 8.000000 6.125000 -1.000000
5.416667 8.000000 7.000000 -1.000000
5.416667 9.000000 0.000000 -1.000000
5.416667 9.000000 1.166667 -1.000000
5.416667 9.000000 2.333333 -1.000000
5.416667 9.000000 3.500000 -1.000000
5.416667 9.000000 3.670000 -1.000000
5.416667 10.000000 0.000000 -1.000000
5.416667 10.000000 1.166667 -1.000000
5.416667 10.000000 2.333333 -1.000000
5.416667 10.000000 3.500000 -1.000000
5.416667 10.000000 3.670000 -1.000000
5.416667 11.000000 0.000000 -1.000000
5.416667 11.000000 1.166667 -1.000000
5.416667 11.000000 2.333333 -1.000000
5.416667 11.000000 3.500000 -1.000000
5.416667 11.000000 3.670000 -1.000000
5.416667 12.000000 0.000000 -1.000000
5.416667 12.000000 1.166667 -1.000000
5.416667 12.000000 2.333333 -1.000000
5.416667 12.000000 3.500000 -1.000000
5.416667 12.000000 3.670000 -1.000000
5.416667 12.000000 4.375000 -1.000000
5.416667 12.000000 5.250000 -1.000000
5.416667 12.000000 6.125000 -1.000000
5.416667 12.000000 7.000000 -1.000000
6.500000 0.000000 0.000000 -1.000000
6.500000 0.000000 1.166667 -1.000000
6.500000 0.000000 2.333333 -1.000000
6.500000 0.000000 3.500000 -1.000000
6.500000 0.000000 3.670000 -1.000000
6.500000 0.000000 4.375000 -1.000000
6.500000 0.000000 5.250000 -1.000000
6.500000 0.000000 6.125000 -1.000000
6.500000 0.000000 7.000000 -1.000000
6.500000 1.000000 0.000000 -1.000000
6.500000 1.000000 1.166667 -1.000000
6.500000 1.000000 2.333333 -1.000000
6.500000 1.000000 3.500000 -1.000000
6.500000 1.000000 3.670000 -1.000000
6.500000 2.000000 0.000000 -1.000000
6.500000 2.000000 1.166667 -1.000000
6.500000 2.000000 2.333333 -1.000000
6.500000 2.000000 3.500000 -1.000000
6.500000 2.000000 3.670000 -1.000000
6.500000 3.000000 0.000000 -1.000000
6.500000 3.000000 1.166667 -1.000000
6.500000 3.000000 2.333333 -1.000000
6.500000 3.000000 3.500000 -1.000000
6.500000 3.000000 3.670000 -1.000000
6.500000 4.000000 0.000000 -1.000000
6.500000 4.000000 1.166667 -1.000000
6.500000 4.000000 2.333333 -1.000000
6.500000 4.000000 3.500000 -1.000000
6.500000 4.000000 3.670000 -1.000000
6.500000 4.000000 4.375000 -1.000000
6.500000 4.000000 5.250000 -1.000000
6.500000 4.000000 6.125000 -1.000000
6.500000 4.000000 7.000000 -1.000000
6.500000 5.333333 0.000000 -1.000000
6.500000 5.333333 1.166667 -1.000000
6.500000 5.333333 2.333333 -1.000000
6.500000 5.333333 3.500000 -1.000000
6.500000 5.333333 3.670000 -1.000000
6.500000 5.333333 4.375000 -1.000000
6.500000 5.333333 5.250000 -1.000000
6.500000 5.333333 6.125000 -1.000000
6.500000 5.333333 7.000000 -1.000000
6.500000 6.666667 0.000000 -1.000000
6.500000 6.666667 1.166667 -1.000000
6.500000 6.666667 2.333333 -1.000000
6.500000 6.666667 3.500000 -1.000000
6.500000 6.666667 3.670000 -1.000000
6.500000 6.666667 4.375000 -1.000000
6.500000 6.666667 5.250000 -1.000000
6.500000 6.666667 6.125000 -1.000000
6.500000 6.666667 7.000000 -1.000000
6.500000 8.000000 0.000000 -1.000000
6.500000 8.000000 1.166667 -1.000000
6.500000 8.000000 2.333333 -1.000000
6.500000 8.000000 3.500000 -1.000000
6.500000 8.000000 3.670000 -1.000000
6.500000 8.000000 4.375000 -1.000000
6.500000 8.000000 5.250000 -1.000000
6.500000 8.000000 6.125000 -1.000000
6.500000 8.000000 7.000000 -1.000000
6.500000 9.000000 0.000000 -1.000000
6.500000 9.000000 1.166667 -1.000000
6.500000 9.000000 2.333333 -1.000000
6.500000 9.000000 3.500000 -1.000000
6.500000 9.000000 3.670000 -1.000000
6.500000 10.000000 0.000000 -1.000000
6.500000 10.000000 1.166667 -1.000000
6.500000 10.000000 2.333333 -1.000000
6.500000 10.000000 3.500000 -1.000000
6.500000 10.000000 3.670000 -1.000000
6.500000 11.000000 0.000000 -1.000000
6.500000 11.000000 1.166667 -1.000000
6.500000 11.000000 2.333333 -1.000000
6.500000 11.000000 3.500000 -1.000000
6.500000 11.000000 3.670000 -1.000000
6.500000 12.000000 0.000000 -1.000000
6.500000 12.000000 1.166667 -1.000000
6.500000 12.000000 2.333333 -1.000000
6.500000 12.000000 3.500000 -1.000000
6.500000 12.000000 3.670000 -1.000000
6.500000 12.000000 4.375000 -1.000000
6.500000 12.000000 5.250000 -1.000000
6.500000 12.000000 6.125000 -1.000000
6.500000 12.000000 7.000000 -1.000000
7.583333 0.000000 0.000000 -1.000000
7.583333 0.000000 1.166667 -1.000000
7.583333 0.000000 2.333333 -1.000000
7.583333 0.000000 3.500000 -1.000000
7.583333 0.000000 3.670000 -1.000000
7.583333 0.000000 4.375000 -1.000000
7.583333 0.000000 5.250000 -1.000000
7.583333 0.000000 6.125000 -1.000000
7.583333 0.000000 7.000000 -1.000000
7.583333 1.000000 0.000000 -1.000000
7.583333 1.000000 1.166667 -1.000000
7.583333 1.000000 2.333333 -1.000000
7.583333 1.000000 3.500000 -1.000000
7.583333 1.000000 3.670000 -1.000000
7.583333 2.000000 0.000000 -1.000000
7.583333 2.000000 1.166667 -1.000000
7.583333 2.000000 2.333333 -1.000000
7.583333 2.000000 3.500000 -1.000000
7.583333 2.000000 3.670000 -1.000000
7.583333 3.000000 0.000000 -1.000000
7.583333 3.000000 1.166667 -1.000000
7.583333 3.000000 2.333333 -1.000000
7.583333 3.000000 3.500000 -1.000000
7.583333 3.000000 3.670000 -1.000000
7.583333 4.000000 0.000000 -1.000000
7.583333 4.000000 1.166667 -1.000000
7.583333 4.000000 2.333333 -1.000000
7.583333 4.000000 3.500000 -1.000000
7.583333 4.000000 3.670000 -1.000000
7.583333 4.000000 4.375000 -1.000000
7.583333 4.000000 5.250000 -1.000000
7.583333 4.000000 6.125000 -1.000000
7.583333 4.000000 7.000000 -1.000000
7.583333 5.333333 0.000000 -1.000000
7.583333 5.333333 1.166667 -1.000000
7.583333 5.333333 2.333333 -1.000000
7.583333 5.333333 3.500000 -1.000000
7.583333 5.333333 3.670000 -1.000000
7.583333 5.333333 4.375000 -1.000000
7.583333 5.333333 5.250000 -1.000000
7.583333 5.333333 6.125000 -1.000000
7.583333 5.333333 7.000000 -1.000000
7.583333 6.666667 0.000000 -1.000000
7.583333 6.666667 1.166667 -1.000000
7.583333 6.666667 2.333333 -1.000000
7.583333 6.666667 3.500000 -1.000000
7.583333 6.666667 3.670000 -1.000000
7.583333 6.666667 4.375000 -1.000000
7.583333 6.666667 5.250000 -1.000000
7.583333 6.666667 6.125000 -1.000000
7.583333 6.666667 7.000000 -1.000000
7.583333 8.000000 0.000000 -1.000000
7.583333 8.000000 1.166667 -1.000000
7.583333 8.000000 2.333333 -1.000000
7.583333 8.000000 3.500000 -1.000000
7.583333 8.000000 3.670000 -1.000000
7.583333 8.000000 4.375000 -1.000000
7.583333 8.000000 5.250000 -1.000000
7.583333 8.000000 6.125000 -1.000000
7.583333 8.000000 7.000000 -1.000000
7.583333 9.000000 0.000000 -1.000000
7.583333 9.000000 1.166667 -1.000000
7.583333 9.000000 2.333333 -1.000000
7.583333 9.000000 3.500000 -1.000000
7.583333 9.000000 3.670000 -1.000000
7.583333 10.000000 0.000000 -1.000000
7.583333 10.000000 1.166667 -1.000000
7.583333 10.000000 2.333333 -1.000000
7.583333 10.000000 3.500000 -1.000000
7.583333 10.000000 3.670000 -1.000000
7.583333 11.000000 0.000000 -1.000000
7.583333 11.000000 1.166667 -1.000000
7.583333 11.000000 2.333333 -1.000000
7.583333 11.000000 3.500000 -1.000000
7.583333 11.000000 3.670000 -1.000000
7.583333 12.000000 0.000000 -1.000000
7.583333 12.000000 1.166667 -1.000000
7.583333 12.000000 2.333333 -1.000000
7.583333 12.000000 3.500000 -1.000000
7.583333 12.000000 3.670000 -1.000000
7.583333 12.000000 4.375000 -1.000000
7.583333 12.000000 5.250000 -1.000000
7.583333 12.000000 6.125000 -1.000000
7.583333 12.000000 7.000000 -1.000000
8.666667 0.000000 0.000000 -1.000000
8.666667 0.000000 1.166667 -1.000000
8.666667 0.000000 2.333333 -1.000000
8.666667 0.000000 3.500000 -1.000000
8.666667 0.000000 3.670000 -1.000000
8.666667 0.000000 4.375000 -1.000000
8.666667 0.000000 5.250000 -1.000000
8.666667 0.000000 6.125000 -1.000000
8.666667 0.000000 7.000000 -1.000000
8.666667 1.000000 0.000000 -1.000000
8.666667 1.000000 1.166667 -1.000000
8.666667 1.000000 2.333333 -1.000000
8.666667 1.000000 3.500000 -1.000000
8.666667 1.000000 3.670000 -1.000000
8.666667 1.000000 4.375000 -1.000000
8.666667 1.000000 5.250000 -1.000000
8.666667 1.000000 6.125000 -1.000000
8.666667 1.000000 7.000000 -1.000000
8.666667 2.000000 0.000000 -1.000000
8.666667 2.000000 1.166667 -1.000000
8.666667 2.000000 2.333333 -1.000000
8.666667 2.000000 3.500000 -1.000000
8.666667 2.000000 3.670000 -1.000000
8.666667 2.000000 4.375000 -1.000000
8.666667 2.000000 5.250000 -1.000000
8.666667 2.000000 6.125000 -1.000000
8.666667 2.000000 7.000000 -1.000000
8.666667 3.000000 0.000000 -1.000000
8.666667 3.000000 1.166667 -1.000000
8.666667 3.000000 2.333333 -1.000000
8.666667 3.000000 3.500000 -1.000000
8.666667 3.000000 3.670000 -1.000000
8.666667 3.000000 4.375000 -1.000000
8.666667 3.000000 5.250000 -1.000000
8.666667 3.000000 6.125000 -1.000000
8.666667 3.000000 7.000000 -1.000000
8.666667 4.000000 0.000000 -1.000000
8.666667 4.000000 1.166667 -1.000000
8.666667 4.000000 2.333333 -1.000000
8.666667 4.000000 3.500000 -1.000000
8.666667 4.000000 3.670000 -1.000000
8.666667 4.000000 4.375000 -1.000000
8.666667 4.000000 5.250000 -1.000000
8.666667 4.000000 6.125000 -1.000000
8.666667 4.000000 7.000000 -1.000000
8.666667 5.333333 0.000000 -1.000000
8.666667 5.333333 1.166667 -1.000000
8.666667 5.333333 2.333333 -1.000000
8.666667 5.333333 3.500000 -1.000000
8.666667 5.333333 3.670000 -1.000000
8.666667 5.333333 4.375000 -1.000000
8.666667 5.333333 5.250000 -1.000000
8.666667 5.333333 6.125000 -1.000000
8.666667 5.333333 7.000000 -1.000000
8.666667 6.666667 0.000000 -1.000000
8.666667 6.666667 1.166667 -1.000000
8.666667 6.666667 2.333333 -1.000000
8.666667 6.666667 3.500000 -1.000000
8.666667 6.666667 3.670000 -1.000000
8.666667 6.666667 4.375000 -1.000000
8.666667 6.666667 5.250000 -1.000000
8.666667 6.666667 6.125000 -1.000000
8.666667 6.666667 7.000000 -1.000000
8.666667 8.000000 0.000000 -1.000000
8.666667 8.000000 1.166667 -1.000000
8.666667 8.000000 2.333333 -1.000000
8.666667 8.000000 3.500000 -1.000000
8.666667 8.000000 3.670000 -1.000000
8.666667 8.000000 4.375000 -1.000000
8.666667 8.000000 5.250000 -1.000000
8.666667 8.000000 6.125000 -1.000000
8.666667 8.000000 7.000000 -1.000000
8.666667 9.000000 0.000000 -1.000000
8.666667 9.000000 1.166667 -1.000000
8.666667 9.000000 2.333333 -1.000000
8.666667 9.000000 3.500000 -1.000000
8.666667 9.000000 3.670000 -1.000000
8.666667 9.000000 4.375000 -1.000000
8.666667 9.000000 5.250000 -1.000000
8.666667 9.000000 6.125000 -1.000000
8.666667 9.000000 7.000000 -1.000000
8.666667 10.000000 0.000000 -1.000000
8.666667 10.000000 1.166667 -1.000000
8.666667 10.000000 2.333333 -1.000000
8.666667 10.000000 3.500000 -1.000000
8.666667 10.000000 3.670000 -1.000000
8.666667 10.000000 4.375000 -1.000000
8.666667 10.000000 5.250000 -1.000000
8.666667 10.000000 6.125000 -1.000000
8.666667 10.000000 7.000000 -1.000000
8.666667 11.000000 0.000000 -1.000000
8.666667 11.000000 1.166667 -1.000000
8.666667 11.000000 2.333333 -1.000000
8.666667 11.000000 3.500000 -1.000000
8.666667 11.000000 3.670000 -1.000000
8.666667 11.000000 4.375000 -1.000000
8.666667 11.000000 5.250000 -1.000000
8.666667 11.000000 6.125000 -1.000000
8.666667 11.000000 7.000000 -1.000000
8.666667 12.000000 0.000000 -1.000000
8.666667 12.000000 1.166667 -1.000000
8.666667 12.000000 2.333333 -1.000000
8.666667 12.000000 3.500000 -1.000000
8.666667 12.000000 3.670000 -1.000000
8.666667 12.000000 4.375000 -1.000000
8.666667 12.000000 5.250000 -1.000000
8.666667 12.000000 6.125000 -1.000000
8.666667 12.000000 7.000000 -1.000000
10.111111 0.000000 0.000000 -1.000000
10.111111 0.000000 1.166667 -1.000000
10.111111 0.000000 2.333333 -1.000000
10.111111 0.000000 3.500000 -1.000000
10.111111 0.000000 3.670000 -1.000000
10.111111 0.000000 4.375000 -1.000000
10.111111 0.000000 5.250000 -1.000000
10.111111 0.000000 6.125000 -1.000000
10.111111 0.000000 7.000000 -1.000000
10.111111 1.000000 0.000000 -1.000000
10.111111 1.000000 1.166667 -1.000000
10.111111 1.000000 2.333333 -1.000000
10.111111 1.000000 3.500000 -1.000000
10.111111 1.000000 3.670000 -1.000000
10.111111 1.000000 4.375000 -1.000000
10.111111 1.000000 5.250000 -1.000000
10.111111 1.000000 6.125000 -1.000000
10.111111 1.000000 7.000000 -1.000000
10.111111 2.000000 0.000000 -1.000000
10.111111 2.000000 1.166667 -1.000000
10.111111 2.000000 2.333333 -1.000000
10.111111 2.000000 3.500000 -1.000000
10.111111 2.000000 3.670000 -1.000000
10.111111 2.000000 4.375000 -1.000000
10.111111 2.000000 5.250000 -1.000000
10.111111 2.000000 6.125000 -1.000000
10.111111 2.000000 7.000000 -1.000000
10.111111 3.000000 0.000000 -1.000000
10.111111 3.000000 1.166667 -1.000000
10.111111 3.000000 2.333333 -1.000000
10.111111 3.000000 3.500000 -1.000000
10.111111 3.000000 3.670000 -1.000000
10.111111 3.000000 4.375000 -1.000000
10.111111 3.000000 5.250000 -1.000000
10.111111 3.000000 6.125000 -1.000000
10.111111 3.000000 7.000000 -1.000000
10.111111 4.000000 0.000000 -1.000000
10.111111 4.000000 1.166667 -1.000000
10.111111 4.000000 2.333333 -1.000000
10.111111 4.000000 3.500000 -1.000000
10.111111 4.000000 3.670000 -1.000000
10.111111 4.000000 4.375000 -1.000000
10.111111 4.000000 5.250000 -1.000000
10.111111 4.000000 6.125000 -1.000000
10.111111 4.000000 7.000000 -1.000000
10.111111 5.333333 0.000000 -1.000000
10.111111 5.333333 1.166667 -1.000000
10.111111 5.333333 2.333333 -1.000000
10.111111 5.333333 3.500000 -1.000000
10.111111 5.333333 3.670000 -1.000000
10.111111 5.333333 4.375000 -1.000000
10.111111 5.333333 5.250000 -1.000000
10.111111 5.333333 6.125000 -1.000000
10.111111 5.333333 7.000000 -1.000000
10.111111 6.666667 0.000000 -1.000000
10.111111 6.666667 1.166667 -1.000000
10.111111 6.666667 2.333333 -1.000000
10.111111 6.666667 3.500000 -1.000000
10.111111 6.666667 3.670000 -1.000000
10.111111 6.666667 4.375000 -1.000000
10.111111 6.666667 5.250000 -1.000000
10.111111 6.666667 6.125000 -1.000000
10.111111 6.666667 7.000000 -1.000000
10.111111 8.000000 0.000000 -1.000000
10.111111 8.000000 1.166667 -1.000000
10.111111 8.000000 2.333333 -1.000000
10.111111 8.000000 3.500000 -1.000000
10.111111 8.000000 3.670000 -1.000000
10.111111 8.000000 4.375000 -1.000000
10.111111 8.000000 5.250000 -1.000000
10.111111 8.000000 6.125000 -1.000000
10.111111 8.000000 7.000000 -1.000000
10.111111 9.000000 0.000000 -1.000000
10.111111 9.000000 1.166667 -1.000000
10.111111 9.000000 2.333333 -1.000000
10.111111 9.000000 3.500000 -1.000000
10.111111 9.000000 3.670000 -1.000000
10.111111 9.000000 4.375000 -1.000000
10.111111 9.000000 5.250000 -1.000000
10.111111 9.000000 6.125000 -1.000000
10.111111 9.000000 7.000000 -1.000000
10.111111 10.000000 0.000000 -1.000000
10.111111 10.000000 1.166667 -1.000000
10.111111 10.000000 2.333333 -1.000000
10.111111 10.000000 3.500000 -1.000000
10.111111 10.000000 3.670000 -1.000000
10.111111 10.000000 4.375000 -1.000000
10.111111 10.000000 5.250000 -1.000000
10.111111 10.000000 6.125000 -1.000000
10.111111 10.000000 7.000000 -1.000000
10.111111 11.000000 0.000000 -1.000000
10.111111 11.000000 1.166667 -1.000000
10.111111 11.000000 2.333333 -1.000000
10.111111 11.000000 3.500000 -1.000000
10.111111 11.000000 3.670000 -1.000000
10.111111 11.000000 4.375000 -1.000000
10.111111 11.000000 5.250000 -1.000000
10.111111 11.000000 6.125000 -1.000000
10.111111 11.000000 7.000000 -1.000000
10.111111 12.000000 0.000000 -1.000000
10.111111 12.000000 1.166667 -1.000000
10.111111 12.000000 2.333333 -1.000000
10.111111 12.000000 3.500000 -1.000000
10.111111 12.000000 3.670000 -1.000000
10.111111 12.000000 4.375000 -1.000000
10.111111 12.000000 5.250000 -1.000000
10.111111 12.000000 6.125000 -1.000000
10.111111 12.000000 7.000000 -1.000000
11.555556 0.000000 0.000000 -1.000000
11.555556 0.000000 1.166667 -1.000000
11.555556 0.000000 2.333333 -1.000000
11.555556 0.000000 3.500000 -1.000000
11.555556 0.000000 3.670000 -1.000000
11.555556 0.000000 4.375000 -1.000000
11.555556 0.000000 5.250000 -1.000000
11.555556 0.000000 6.125000 -1.000000
11.555556 0.000000 7.000000 -1.000000
11.555556 1.000000 0.000000 -1.000000
11.555556 1.000000 1.166667 -1.000000
11.555556 1.000000 2.333333 -1.000000
11.555556 1.000000 3.500000 -1.000000
11.555556 1.000000 3.670000 -1.000000
11.555556 1.000000 4.375000 -1.000000
11.555556 1.000000 5.250000 -1.000000
11.555556 1.000000 6.125000 -1.000000
11.555556 1.000000 7.000000 -1.000000
11.555556 2.000000 0.000000 -1.000000
11.555556 2.000000 1.166667 -1.000000
11.555556 2.000000 2.333333 -1.000000
11.555556 2.000000 3.500000 -1.000000
11.555556 2.000000 3.670000 -1.000000
11.555556 2.000000 4.375000 -1.000000
11.555556 2.000000 5.250000 -1.000000
11.555556 2.000000 6.125000 -1.000000
11.555556 2.000000 7.000000 -1.000000
11.555556 3.000000 0.000000 -1.000000
11.555556 3.000000 1.166667 -1.000000
11.555556 3.000000 2.333333 -1.000000
11.555556 3.000000 3.500000 -1.000000
11.555556 3.000000 3.670000 -1.000000
11.555556 3.000000 4.375000 -1.000000
11.555556 3.000000 5.250000 -1.000000
11.555556 3.000000 6.125000 -1.000000
11.555556 3.000000 7.000000 -1.000000
11.555556 4.000000 0.000000 -1.000000
11.555556 4.000000 1.166667 -1.000000
11.555556 4.000000 2.333333 -1.000000
11.555556 4.000000 3.500000 -1.000000
11.555556 4.000000 3.670000 -1.000000
11.555556 4.000000 4.375000 -1.000000
11.555556 4.000000 5.250000 -1.000000
11.555556 4.000000 6.125000 -1.000000
11.555556 4.000000 7.000000 -1.000000
11.555556 5.333333 0.000000 -1.000000
11.555556 5.333333 1.166667 -1.000000
11.555556 5.333333 2.333333 -1.000000
11.555556 5.333333 3.500000 -1.000000
11.555556 5.333333 3.670000 -1.000000
11.555556 5.333333 4.375000 -1.000000
11.555556 5.333333 5.250000 -1.000000
11.555556 5.333333 6.125000 -1.000000
11.555556 5.333333 7.000000 -1.000000
11.555556 6.666667 0.000000 -1.000000
11.555556 6.666667 1.166667 -1.000000
11.555556 6.666667 2.333333 -1.000000
11.555556 6.666667 3.500000 -1.000000
11.555556 6.666667 3.670000 -1.000000
11.555556 6.666667 4.375000 -1.000000
11.555556 6.666667 5.250000 -1.000000
11.555556 6.666667 6.125000 -1.000000
11.555556 6.666667 7.000000 -1.000000
11.555556 8.000000 0.000000 -1.000000
11.555556 8.000000 1.166667 -1.000000
11.555556 8.000000 2.333333 -1.000000
11.555556 8.000000 3.500000 -1.000000
11.555556 8.000000 3.670000 -1.000000
11.555556 8.000000 4.375000 -1.000000
11.555556 8.000000 5.250000 -1.000000
11.555556 8.000000 6.125000 -1.000000
11.555556 8.000000 7.000000 -1.000000
11.555556 9.000000 0.000000 -1.000000
11.555556 9.000000 1.166667 -1.000000
11.555556 9.000000 2.333333 -1.000000
11.555556 9.000000 3.500000 -1.000000
11.555556 9.000000 3.670000 -1.000000
11.555556 9.000000 4.375000 -1.000000
11.555556 9.000000 5.250000 -1.000000
11.555556 9.000000 6.125000 -1.000000
11.555556 9.000000 7.000000 -1.000000
11.555556 10.000000 0.000000 -1.000000
11.555556 10.000000 1.166667 -1.000000
11.555556 10.000000 2.333333 -1.000000
11.555556 10.000000 3.500000 -1.000000
11.555556 10.000000 3.670000 -1.000000
11.555556 10.000000 4.375000 -1.000000
11.555556 10.000000 5.250000 -1.000000
11.555556 10.000000 6.125000 -1.000000
11.555556 10.000000 7.000000 -1.000000
11.555556 11.000000 0.000000 -1.000000
11.555556 11.000000 1.166667 -1.000000
11.555556 11.000000 2.333333 -1.000000
11.555556 11.000000 3.500000 -1.000000
11.555556 11.000000 3.670000 -1.000000
11.555556 11.000000 4.375000 -1.000000
11.555556 11.000000 5.250000 -1.000000
11.555556 11.000000 6.125000 -1.000000
11.555556 11.000000 7.000000 -1.000000
11.555556 12.000000 0.000000 -1.000000
11.555556 12.000000 1.166667 -1.000000
11.555556 12.000000 2.333333 -1.000000
11.555556 12.000000 3.500000 -1.000000
11.555556 12.000000 3.670000 -1.000000
11.555556 12.000000 4.375000 -1.000000
11.555556 12.000000 5.250000 -1.000000
11.555556 12.000000 6.125000 -1.000000
11.555556 12.000000 7.000000 -1.000000
13.000000 0.000000 1.166667 -1.000000
13.000000 0.000000 2.333333 -1.000000
13.000000 0.000000 3.500000 -1.000000
13.000000 0.000000 3.670000 -1.000000
13.000000 0.000000 4.375000 -1.000000
13.000000 0.000000 5.250000 -1.000000
13.000000 0.000000 6.125000 -1.000000
13.000000 0.000000 7.000000 -1.000000
13.000000 1.000000 0.000000 -1.000000
13.000000 1.000000 1.166667 -1.000000
13.000000 1.000000 2.333333 -1.000000
13.000000 1.000000 3.500000 -1.000000
13.000000 1.000000 3.670000 -1.000000
13.000000 1.000000 4.375000 -1.000000
13.000000 1.000000 5.250000 -1.000000
13.000000 1.000000 6.125000 -1.000000
13.000000 1.000000 7.000000 -1.000000
13.000000 2.000000 0.000000 -1.000000
13.000000 2.000000 1.166667 -1.000000
13.000000 2.000000 2.333333 -1.000000
13.000000 2.000000 3.500000 -1.000000
13.000000 2.000000 3.670000 -1.000000
13.000000 2.000000 4.375000 -1.000000
13.000000 2.000000 5.250000 -1.000000
13.000000 2.000000 6.125000 -1.000000
13.000000 2.000000 7.000000 -1.000000
13.000000 3.000000 0.000000 -1.000000
13.000000 3.000000 1.166667 -1.000000
13.000000 3.000000 2.333333 -1.000000
13.000000 3.000000 3.500000 -1.000000
13.000000 3.000000 3.670000 -1.000000
13.000000 3.000000 4.375000 -1.000000
13.000000 3.000000 5.250000 -1.000000
13.000000 3.000000 6.125000 -1.000000
13.000000 3.000000 7.000000 -1.000000
13.000000 4.000000 1.166667 -1.000000
13.000000 4.000000 2.333333 -1.000000
13.000000 4.000000 3.500000 -1.000000
13.000000 4.000000 3.670000 -1.000000
13.000000 4.000000 4.375000 -1.000000
13.000000 4.000000 5.250000 -1.000000
13.000000 4.000000 6.125000 -1.000000
13.000000 4.000000 7.000000 -1.000000
13.000000 5.333333 2.333333 -1.000000
13.000000 5.333333 3.500000 -1.000000
13.000000 5.333333 3.670000 -1.000000
13.000000 5.333333 4.375000 -1.000000
13.000000 5.333333 5.250000 -1.000000
13.000000 5.333333 6.125000 -1.000000
13.000000 5.333333 7.000000 -1.000000
13.000000 6.666667 2.333333 -1.000000
13.000000 6.666667 3.500000 -1.000000
13.000000 6.666667 3.670000 -1.000000
13.000000 6.666667 4.375000 -1.000000
13.000000 6.666667 5.250000 -1.000000
13.000000 6.666667 6.125000 -1.000000
13.000000 6.666667 7.000000 -1.000000
13.000000 8.000000 1.166667 -1.000000
13.000000 8.000000 2.333333 -1.000000
13.000000 8.000000 3.500000 -1.000000
13.000000 8.000000 3.670000 -1.000000
13.000000 8.000000 4.375000 -1.000000
13.000000 8.000000 5.250000 -1.000000
13.000000 8.000000 6.125000 -1.000000
13.000000 8.000000 7.000000 -1.000000
13.000000 9.000000 0.000000 -1.000000
13.000000 9.000000 1.166667 -1.000000
13.000000 9.000000 2.333333 -1.000000
13.000000 9.000000 3.500000 -1.000000
13.000000 9.000000 3.670000 -1.000000
13.000000 9.000000 4.375000 -1.000000
13.000000 9.000000 5.250000 -1.000000
13.000000 9.000000 6.125000 -1.000000
13.000000 9.000000 7.000000 -1.000000
13.000000 10.000000 0.000000 -1.000000
13.000000 10.000000 1.166667 -1.000000
13.000000 10.000000 2.333333 -1.000000
13.000000 10.000000 3.500000 -1.000000
13.000000 10.000000 3.670000 -1.000000
13.000000 10.000000 4.375000 -1.000000
13.000000 10.000000 5.250000 -1.000000
13.000000 10.000000 6.125000 -1.000000
13.000000 10.000000 7.000000 -1.000000
13.000000 11.000000 0.000000 -1.000000
13.000000 11.000000 1.166667 -1.000000
13.000000 11.000000 2.333333 -1.000000
13.000000 11.000000 3.500000 -1.000000
13.000000 11.000000 3.670000 -1.000000
13.000000 11.000000 4.375000 -1.000000
13.000000 11.000000 5.250000 -1.000000
13.000000 11.000000 6.125000 -1.000000
13.000000 11.000000 7.000000 -1.000000
13.000000 12.000000 1.166667 -1.000000
13.000000 12.000000 2.333333 -1.000000
13.000000 12.000000 3.500000 -1.000000
13.000000 12.000000 3.670000 -1.000000
13.000000 12.000000 4.375000 -1.000000
13.000000 12.000000 5.250000 -1.000000
13.000000 12.000000 6.125000 -1.000000
13.000000 12.000000 7.000000 -1.000000
6.401803 1.909356 3.670000 -1.000000
6.258640 1.777206 3.670000 -1.000000
6.036738 1.572373 3.670000 -1.000000
5.692789 1.254882 3.670000 -1.000000
5.159669 0.762772 3.670000 -1.000000
6.450074 1.907828 3.670000 -1.000000
6.378550 1.775784 3.670000 -1.000000
6.267687 1.571115 3.670000 -1.000000
6.095851 1.253878 3.670000 -1.000000
5.829504 0.762161 3.670000 -1.000000
6.500000 1.906911 3.670000 -1.000000
6.500000 1.774930 3.670000 -1.000000
6.500000 1.570360 3.670000 -1.000000
6.500000 1.253275 3.670000 -1.000000
6.500000 0.761795 3.670000 -1.000000
6.549926 1.907828 3.670000 -1.000000
6.621450 1.775784 3.670000 -1.000000
6.732313 1.571115 3.670000 -1.000000
6.904149 1.253878 3.670000 -1.000000
7.170496 0.762161 3.670000 -1.000000
6.598197 1.909356 3.670000 -1.000000
6.741360 1.777206 3.670000 -1.000000
6.963262 1.572373 3.670000 -1.000000
7.307211 1.254882 3.670000 -1.000000
7.840331 0.762772 3.670000 -1.000000
6.599513 1.954071 3.670000 -1.000000
6.742585 1.888038 3.670000 -1.000000
6.964346 1.785686 3.670000 -1.000000
7.308076 1.627042 3.670000 -1.000000
7.840856 1.381143 3.670000 -1.000000
6.600213 2.000000 3.670000 -1.000000
6.743236 2.000000 3.670000 -1.000000
6.964922 2.000000 3.670000 -1.000000
7.308535 2.000000 3.670000 -1.000000
7.841136 2.000000 3.670000 -1.000000
6.599513 2.045929 3.670000 -1.000000
6.742585 2.111962 3.670000 -1.000000
6.964346 2.214314 3.670000 -1.000000
7.308076 2.372958 3.670000 -1.000000
7.840856 2.618857 3.670000 -1.000000
6.598197 2.090644 3.670000 -1.000000
6.741360 2.222794 3.670000 -1.000000
6.963262 2.427627 3.670000 -1.000000
7.307211 2.745118 3.670000 -1.000000
7.840331 3.237228 3.670000 -1.000000
6.549926 2.092172 3.670000 -1.000000
6.621450 2.224216 3.670000 -1.000000
6.732313 2.428885 3.670000 -1.000000
6.904149 2.746122 3.670000 -1.000000
7.170496 3.237839 3.670000 -1.000000
6.500000 2.093089 3.670000 -1.000000
6.500000 2.225070 3.670000 -1.000000
6.500000 2.429640 3.670000 -1.000000
6.500000 2.746725 3.670000 -1.000000
6.500000 3.238205 3.670000 -1.000000
6.450074 2.092172 3.670000 -1.000000
6.378550 2.224216 3.670000 -1.000000
6.267687 2.428885 3.670000 -1.000000
6.095851 2.746122 3.670000 -1.000000
5.829504 3.237839 3.670000 -1.000000
6.401803 2.090644 3.670000 -1.000000
6.258640 2.222794 3.670000 -1.000000
6.036738 2.427627 3.670000 -1.000000
5.692789 2.745118 3.670000 -1.000000
5.159669 3.237228 3.670000 -1.000000
6.400487 2.045929 3.670000 -1.000000
6.257415 2.111962 3.670000 -1.000000
6.035654 2.214314 3.670000 -1.000000
5.691924 2.372958 3.670000 -1.000000
5.159144 2.618857 3.670000 -1.000000
6.399787 2.000000 3.670000 -1.000000
6.256764 2.000000 3.670000 -1.000000
6.035078 2.000000 3.670000 -1.000000
5.691465 2.000000 3.670000 -1.000000
5.158864 2.000000 3.670000 -1.000000
6.400487 1.954071 3.670000 -1.000000
6.257415 1.888038 3.670000 -1.000000
6.035654 1.785686 3.670000 -1.000000
5.691924 1.627042 3.670000 -1.000000
5.159144 1.381143 3.670000 -1.000000
6.401803 1.909356 4.375000 -1.000000
6.258640 1.777206 4.375000 -1.000000
6.036738 1.572373 4.375000 -1.000000
5.692789 1.254882 4.375000 -1.000000
5.159669 0.762772 4.375000 -1.000000
6.450074 1.907828 4.375000 -1.000000
6.378550 1.775784 4.375000 -1.000000
6.267687 1.571115 4.375000 -1.000000
6.095851 1.253878 4.375000 -1.000000
5.829504 0.762161 4.375000 -1.000000
6.500000 1.906911 4.375000 -1.000000
6.500000 1.774930 4.375000 -1.000000
6.500000 1.570360 4.375000 -1.000000
6.500000 1.253275 4.375000 -1.000000
6.500000 0.761795 4.375000 -1.000000
6.549926 1.907828 4.375000 -1.000000
6.621450 1.775784 4.375000 -1.000000
6.732313 1.571115 4.375000 -1.000000
6.904149 1.253878 4.375000 -1.000000
7.170496 0.762161 4.375000 -1.000000
6.598197 1.909356 4.375000 -1.000000
6.741360 1.777206 4.375000 -1.000000
6.963262 1.572373 4.375000 -1.000000
7.307211 1.254882 4.375000 -1.000000
7.840331 0.762772 4.375000 -1.000000
6.599513 1.954071 4.375000 -1.000000
6.742585 1.888038 4.375000 -1.000000
6.964346 1.785686 4.375000 -1.000000
7.308076 1.627042 4.375000 -1.000000
7.840856 1.381143 4.375000 -1.000000
6.600213 2.000000 4.375000 -1.000000
6.743236 2.000000 4.375000 -1.000000
6.964922 2.000000 4.375000 -1.000000
7.308535 2.000000 4.375000 -1.000000
7.841136 2.000000 4.375000 -1.000000
6.599513 2.045929 4.375000 -1.000000
6.742585 2.111962 4.375000 -1.000000
6.964346 2.214314 4.375000 -1.000000
7.308076 2.372958 4.375000 -1.000000
7.840856 2.618857 4.375000 -1.000000
6.598197 2.090644 4.375000 -1.000000
6.741360 2.222794 4.375000 -1.000000
6.963262 2.427627 4.375000 -1.000000
7.307211 2.745118 4.375000 -1.000000
7.840331 3.237228 4.375000 -1.000000
6.549926 2.092172 4.375000 -1.000000
6.621450 2.224216 4.375000 -1.000000
6.732313 2.428885 4.375000 -1.000000
6.904149 2.746122 4.375000 -1.000000
7.170496 3.237839 4.375000 -1.000000
6.500000 2.093089 4.375000 -1.000000
6.500000 2.225070 4.375000 -1.000000
6.500000 2.429640 4.375000 -1.000000
6.500000 2.746725 4.375000 -1.000000
6.500000 3.238205 4.375000 -1.000000
6.450074 2.092172 4.375000 -1.000000
6.378550 2.224216 4.375000 -1.000000
6.267687 2.428885 4.375000 -1.000000
6.095851 2.746122 4.375000 -1.000000
5.829504 3.237839 4.375000 -1.000000
6.401803 2.090644 4.375000 -1.000000
6.258640 2.222794 4.375000 -1.000000
6.036738 2.427627 4.375000 -1.000000
5.692789 2.745118 4.375000 -1.000000
5.159669 3.237228 4.375000 -1.000000
6.400487 2.045929 4.375000 -1.000000
6.257415 2.111962 4.375000 -1.000000
6.035654 2.214314 4.375000 -1.000000
5.691924 2.372958 4.375000 -1.000000
5.159144 2.618857 4.375000 -1.000000
6.399787 2.000000 4.375000 -1.000000
6.256764 2.000000 4.375000 -1.000000
6.035078 2.000000 4.375000 -1.000000
5.691465 2.000000 4.375000 -1.000000
5.158864 2.000000 4.375000 -1.000000
6.400487 1.954071 4.375000 -1.000000
6.257415 1.888038 4.375000 -1.000000
6.035654 1.785686 4.375000 -1.000000
5.691924 1.627042 4.375000 -1.000000
5.159144 1.381143 4.375000 -1.000000
6.401803 1.909356 5.250000 -1.000000
6.258640 1.777206 5.250000 -1.000000
6.036738 1.572373 5.250000 -1.000000
5.692789 1.254882 5.250000 -1.000000
5.159669 0.762772 5.250000 -1.000000
6.450074 1.907828 5.250000 -1.000000
6.378550 1.775784 5.250000 -1.000000
6.267687 1.571115 5.250000 -1.000000
6.095851 1.253878 5.250000 -1.000000
5.829504 0.762161 5.250000 -1.000000
6.500000 1.906911 5.250000 -1.000000
6.500000 1.774930 5.250000 -1.000000
6.500000 1.570360 5.250000 -1.000000
6.500000 1.253275 5.250000 -1.000000
6.500000 0.761795 5.250000 -1.000000
6.549926 1.907828 5.250000 -1.000000
6.621450 1.775784 5.250000 -1.000000
6.732313 1.571115 5.250000 -1.000000
6.904149 1.253878 5.250000 -1.000000
7.170496 0.762161 5.250000 -1.000000
6.598197 1.909356 5.250000 -1.000000
6.741360 1.777206 5.250000 -1.000000
6.963262 1.572373 5.250000 -1.000000
7.307211 1.254882 5.250000 -1.000000
7.840331 0.762772 5.250000 -1.000000
6.599513 1.954071 5.250000 -1.000000
6.742585 1.888038 5.250000 -1.000000
6.964346 1.785686 5.250000 -1.000000
7.308076 1.627042 5.250000 -1.000000
7.840856 1.381143 5.250000 -1.000000
6.600213 2.000000 5.250000 -1.000000
6.743236 2.000000 5.250000 -1.000000
6.964922 2.000000 5.250000 -1.000000
7.308535 2.000000 5.250000 -1.000000
7.841136 2.000000 5.250000 -1.000000
6.599513 2.045929 5.250000 -1.000000
6.742585 2.111962 5.250000 -1.000000
6.964346 2.214314 5.250000 -1.000000
7.308076 2.372958 5.250000 -1.000000
7.840856 2.618857 5.250000 -1.000000
6.598197 2.090644 5.250000 -1.000000
6.741360 2.222794 5.250000 -1.000000
6.963262 2.427627 5.250000 -1.000000
7.307211 2.745118 5.250000 -1.000000
7.840331 3.237228 5.250000 -1.000000
6.549926 2.092172 5.250000 -1.000000
6.621450 2.224216 5.250000 -1.000000
6.732313 2.428885 5.250000 -1.000000
6.904149 2.746122 5.250000 -1.000000
7.170496 3.237839 5.250000 -1.000000
6.500000 2.093089 5.250000 -1.000000
6.500000 2.225070 5.250000 -1.000000
6.500000 2.429640 5.250000 -1.000000
6.500000 2.746725 5.250000 -1.000000
6.500000 3.238205 5.250000 -1.000000
6.450074 2.092172 5.250000 -1.000000
6.378550 2.224216 5.250000 -1.000000
6.267687 2.428885 5.250000 -1.000000
6.095851 2.746122 5.250000 -1.000000
5.829504 3.237839 5.250000 -1.000000
6.401803 2.090644 5.250000 -1.000000
6.258640 2.222794 5.250000 -1.000000
6.036738 2.427627 5.250000 -1.000000
5.692789 2.745118 5.250000 -1.000000
5.159669 3.237228 5.250000 -1.000000
6.400487 2.045929 5.250000 -1.000000
6.257415 2.111962 5.250000 -1.000000
6.035654 2.214314 5.250000 -1.000000
5.691924 2.372958 5.250000 -1.000000
5.159144 2.618857 5.250000 -1.000000
6.399787 2.000000 5.250000 -1.000000
6.256764 2.000000 5.250000 -1.000000
6.035078 2.000000 5.250000 -1.000000
5.691465 2.000000 5.250000 -1.000000
5.158864 2.000000 5.250000 -1.000000
6.400487 1.954071 5.250000 -1.000000
6.257415 1.888038 5.250000 -1.000000
6.035654 1.785686 5.250000 -1.000000
5.691924 1.627042 5.250000 -1.000000
5.159144 1.381143 5.250000 -1.000000
6.401803 1.909356 6.125000 -1.000000
6.258640 1.777206 6.125000 -1.000000
6.036738 1.572373 6.125000 -1.000000
5.692789 1.254882 6.125000 -1.000000
5.159669 0.762772 6.125000 -1.000000
6.450074 1.907828 6.125000 -1.000000
6.378550 1.775784 6.125000 -1.000000
6.267687 1.571115 6.125000 -1.000000
6.095851 1.253878 6.125000 -1.000000
5.829504 0.762161 6.125000 -1.000000
6.500000 1.906911 6.125000 -1.000000
6.500000 1.774930 6.125000 -1.000000
6.500000 1.570360 6.125000 -1.000000
6.500000 1.253275 6.125000 -1.000000
6.500000 0.761795 6.125000 -1.000000
6.549926 1.907828 6.125000 -1.000000
6.621450 1.775784 6.125000 -1.000000
6.732313 1.571115 6.125000 -1.000000
6.904149 1.253878 6.125000 -1.000000
7.170496 0.762161 6.125000 -1.000000
6.598197 1.909356 6.125000 -1.000000
6.741360 1.777206 6.125000 -1.000000
6.963262 1.572373 6.125000 -1.000000
7.307211 1.254882 6.125000 -1.000000
7.840331 0.762772 6.125000 -1.000000
6.599513 1.954071 6.125000 -1.000000
6.742585 1.888038 6.125000 -1.000000
6.964346 1.785686 6.125000 -1.000000
7.308076 1.627042 6.125000 -1.000000
7.840856 1.381143 6.125000 -1.000000
6.600213 2.000000 6.125000 -1.000000
6.743236 2.000000 6.125000 -1.000000
6.964922 2.000000 6.125000 -1.000000
7.308535 2.000000 6.125000 -1.000000
7.841136 2.000000 6.125000 -1.000000
6.599513 2.045929 6.125000 -1.000000
6.742585 2.111962 6.125000 -1.000000
6.964346 2.214314 6.125000 -1.000000
7.308076 2.372958 6.125000 -1.000000
7.840856 2.618857 6.125000 -1.000000
6.598197 2.090644 6.125000 -1.000000
6.741360 2.222794 6.125000 -1.000000
6.963262 2.427627 6.125000 -1.000000
7.307211 2.745118 6.125000 -1.000000
7.840331 3.237228 6.125000 -1.000000
6.549926 2.092172 6.125000 -1.000000
6.621450 2.224216 6.125000 -1.000000
6.732313 2.428885 6.125000 -1.000000
6.904149 2.746122 6.125000 -1.000000
7.170496 3.237839 6.125000 -1.000000
6.500000 2.093089 6.125000 -1.000000
6.500000 2.225070 6.125000 -1.000000
6.500000 2.429640 6.125000 -1.000000
6.500000 2.746725 6.125000 -1.000000
6.500000 3.238205 6.125000 -1.000000
6.450074 2.092172 6.125000 -1.000000
6.378550 2.224216 6.125000 -1.000000
6.267687 2.428885 6.125000 -1.000000
6.095851 2.746122 6.125000 -1.000000
5.829504 3.237839 6.125000 -1.000000
6.401803 2.090644 6.125000 -1.000000
6.258640 2.222794 6.125000 -1.000000
6.036738 2.427627 6.125000 -1.000000
5.692789 2.745118 6.125000 -1.000000
5.159669 3.237228 6.125000 -1.000000
6.400487 2.045929 6.125000 -1.000000
6.257415 2.111962 6.125000 -1.000000
6.035654 2.214314 6.125000 -1.000000
5.691924 2.372958 6.125000 -1.000000
5.159144 2.618857 6.125000 -1.000000
6.399787 2.000000 6.125000 -1.000000
6.256764 2.000000 6.125000 -1.000000
6.035078 2.000000 6.125000 -1.000000
5.691465 2.000000 6.125000 -1.000000
5.158864 2.000000 6.125000 -1.000000
6.400487 1.954071 6.125000 -1.000000
6.257415 1.888038 6.125000 -1.000000
6.035654 1.785686 6.125000 -1.000000
5.691924 1.627042 6.125000 -1.000000
5.159144 1.381143 6.125000 -1.000000
6.401803 1.909356 7.000000 -1.000000
6.258640 1.777206 7.000000 -1.000000
6.036738 1.572373 7.000000 -1.000000
5.692789 1.254882 7.000000 -1.000000
5.159669 0.762772 7.000000 -1.000000
6.450074 1.907828 7.000000 -1.000000
6.378550 1.775784 7.000000 -1.000000
6.267687 1.571115 7.000000 -1.000000
6.095851 1.253878 7.000000 -1.000000
5.829504 0.762161 7.000000 -1.000000
6.500000 1.906911 7.000000 -1.000000
6.500000 1.774930 7.000000 -1.000000
6.500000 1.570360 7.000000 -1.000000
6.500000 1.253275 7.000000 -1.000000
6.500000 0.761795 7.000000 -1.000000
6.549926 1.907828 7.000000 -1.000000
6.621450 1.775784 7.000000 -1.000000
6.732313 1.571115 7.000000 -1.000000
6.904149 1.253878 7.000000 -1.000000
7.170496 0.762161 7.000000 -1.000000
6.598197 1.909356 7.000000 -1.000000
6.741360 1.777206 7.000000 -1.000000
6.963262 1.572373 7.000000 -1.000000
7.307211 1.254882 7.000000 -1.000000
7.840331 0.762772 7.000000 -1.000000
6.599513 1.954071 7.000000 -1.000000
6.742585 1.888038 7.000000 -1.000000
6.964346 1.785686 7.000000 -1.000000
7.308076 1.627042 7.000000 -1.000000
7.840856 1.381143 7.000000 -1.000000
6.600213 2.000000 7.000000 -1.000000
6.743236 2.000000 7.000000 -1.000000
6.964922 2.000000 7.000000 -1.000000
7.308535 2.000000 7.000000 -1.000000
7.841136 2.000000 7.000000 -1.000000
6.599513 2.045929 7.000000 -1.000000
6.742585 2.111962 7.000000 -1.000000
6.964346 2.214314 7.000000 -1.000000
7.308076 2.372958 7.000000 -1.000000
7.840856 2.618857 7.000000 -1.000000
6.598197 2.090644 7.000000 -1.000000
6.741360 2.222794 7.000000 -1.000000
6.963262 2.427627 7.000000 -1.000000
7.307211 2.745118 7.000000 -1.000000
7.840331 3.237228 7.000000 -1.000000
6.549926 2.092172 7.000000 -1.000000
6.621450 2.224216 7.000000 -1.000000
6.732313 2.428885 7.000000 -1.000000
6.904149 2.746122 7.000000 -1.000000
7.170496 3.237839 7.000000 -1.000000
6.500000 2.093089 7.000000 -1.000000
6.500000 2.225070 7.000000 -1.000000
6.500000 2.429640 7.000000 -1.000000
6.500000 2.746725 7.000000 -1.000000
6.500000 3.238205 7.000000 -1.000000
6.450074 2.092172 7.000000 -1.000000
6.378550 2.224216 7.000000 -1.000000
6.267687 2.428885 7.000000 -1.000000
6.095851 2.746122 7.000000 -1.000000
5.829504 3.237839 7.000000 -1.000000
6.401803 2.090644 7.000000 -1.000000
6.258640 2.222794 7.000000 -1.000000
6.036738 2.427627 7.000000 -1.000000
5.692789 2.745118 7.000000 -1.000000
5.159669 3.237228 7.000000 -1.000000
6.400487 2.045929 7.000000 -1.000000
6.257415 2.111962 7.000000 -1.000000
6.035654 2.214314 7.000000 -1.000000
5.691924 2.372958 7.000000 -1.000000
5.159144 2.618857 7.000000 -1.000000
6.399787 2.000000 7.000000 -1.000000
6.256764 2.000000 7.000000 -1.000000
6.035078 2.000000 7.000000 -1.000000
5.691465 2.000000 7.000000 -1.000000
5.158864 2.000000 7.000000 -1.000000
6.400487 1.954071 7.000000 -1.000000
6.257415 1.888038 7.000000 -1.000000
6.035654 1.785686 7.000000 -1.000000
5.691924 1.627042 7.000000 -1.000000
5.159144 1.381143 7.000000 -1.000000
6.401803 9.909356 3.670000 -1.000000
6.258640 9.777206 3.670000 -1.000000
6.036738 9.572373 3.670000 -1.000000
5.692789 9.254882 3.670000 -1.000000
5.159669 8.762772 3.670000 -1.000000
6.450074 9.907828 3.670000 -1.000000
6.378550 9.775784 3.670000 -1.000000
6.267687 9.571115 3.670000 -1.000000
6.095851 9.253878 3.670000 -1.000000
5.829504 8.762161 3.670000 -1.000000
6.500000 9.906911 3.670000 -1.000000
6.500000 9.774930 3.670000 -1.000000
6.500000 9.570360 3.670000 -1.000000
6.500000 9.253275 3.670000 -1.000000
6.500000 8.761795 3.670000 -1.000000
6.549926 9.907828 3.670000 -1.000000
6.621450 9.775784 3.670000 -1.000000
6.732313 9.571115 3.670000 -1.000000
6.904149 9.253878 3.670000 -1.000000
7.170496 8.762161 3.670000 -1.000000
6.598197 9.909356 3.670000 -1.000000
6.741360 9.777206 3.670000 -1.000000
6.963262 9.572373 3.670000 -1.000000
7.307211 9.254882 3.670000 -1.000000
7.840331 8.762772 3.670000 -1.000000
6.599513 9.954071 3.670000 -1.000000
6.742585 9.888038 3.670000 -1.000000
6.964346 9.785686 3.670000 -1.000000
7.308076 9.627042 3.670000 -1.000000
7.840856 9.381143 3.670000 -1.000000
6.600213 10.000000 3.670000 -1.000000
6.743236 10.000000 3.670000 -1.000000
6.964922 10.000000 3.670000 -1.000000
7.308535 10.000000 3.670000 -1.000000
7.841136 10.000000 3.670000 -1.000000
6.599513 10.045929 3.670000 -1.000000
6.742585 10.111962 3.670000 -1.000000
6.964346 10.214314 3.670000 -1.000000
7.308076 10.372958 3.670000 -1.000000
7.840856 10.618857 3.670000 -1.000000
6.598197 10.090644 3.670000 -1.000000
6.741360 10.222794 3.670000 -1.000000
6.963262 10.427627 3.670000 -1.000000
7.307211 10.745118 3.670000 -1.000000
7.840331 11.237228 3.670000 -1.000000
6.549926 10.092172 3.670000 -1.000000
6.621450 10.224216 3.670000 -1.000000
6.732313 10.428885 3.670000 -1.000000
6.904149 10.746122 3.670000 -1.000000
7.170496 11.237839 3.670000 -1.000000
6.500000 10.093089 3.670000 -1.000000
6.500000 10.225070 3.670000 -1.000000
6.500000 10.429640 3.670000 -1.000000
6.500000 10.746725 3.670000 -1.000000
6.500000 11.238205 3.670000 -1.000000
6.450074 10.092172 3.670000 -1.000000
6.378550 10.224216 3.670000 -1.000000
6.267687 10.428885 3.670000 -1.000000
6.095851 10.746122 3.670000 -1.000000
5.829504 11.237839 3.670000 -1.000000
6.401803 10.090644 3.670000 -1.000000
6.258640 10.222794 3.670000 -1.000000
6.036738 10.427627 3.670000 -1.000000
5.692789 10.745118 3.670000 -1.000000
5.159669 11.237228 3.670000 -1.000000
6.400487 10.045929 3.670000 -1.000000
6.257415 10.111962 3.670000 -1.000000
6.035654 10.214314 3.670000 -1.000000
5.691924 10.372958 3.670000 -1.000000
5.159144 10.618857 3.670000 -1.000000
6.399787 10.000000 3.670000 -1.000000
6.256764 10.000000 3.670000 -1.000000
6.035078 10.000000 3.670000 -1.000000
5.691465 10.000000 3.670000 -1.000000
5.158864 10.000000 3.670000 -1.000000
6.400487 9.954071 3.670000 -1.000000
6.257415 9.888038 3.670000 -1.000000
6.035654 9.785686 3.670000 -1.000000
5.691924 9.627042 3.670000 -1.000000
5.159144 9.381143 3.670000 -1.000000
6.401803 9.909356 4.375000 -1.000000
6.258640 9.777206 4.375000 -1.000000
6.036738 9.572373 4.375000 -1.000000
5.692789 9.254882 4.375000 -1.000000
5.159669 8.762772 4.375000 -1.000000
6.450074 9.907828 4.375000 -1.000000
6.378550 9.775784 4.375000 -1.000000
6.267687 9.571115 4.375000 -1.000000
6.095851 9.253878 4.375000 -1.000000
5.829504 8.762161 4.375000 -1.000000
6.500000 9.906911 4.375000 -1.000000
6.500000 9.774930 4.375000 -1.000000
6.500000 9.570360 4.375000 -1.000000
6.500000 9.253275 4.375000 -1.000000
6.500000 8.761795 4.375000 -1.000000
6.549926 9.907828 4.375000 -1.000000
6.621450 9.775784 4.375000 -1.000000
6.732313 9.571115 4.375000 -1.000000
6.904149 9.253878 4.375000 -1.000000
7.170496 8.762161 4.375000 -1.000000
6.598197 9.909356 4.375000 -1.000000
6.741360 9.777206 4.375000 -1.000000
6.963262 9.572373 4.375000 -1.000000
7.307211 9.254882 4.375000 -1.000000
7.840331 8.762772 4.375000 -1.000000
6.599513 9.954071 4.375000 -1.000000
6.742585 9.888038 4.375000 -1.000000
6.964346 9.785686 4.375000 -1.000000
7.308076 9.627042 4.375000 -1.000000
7.840856 9.381143 4.375000 -1.000000
6.600213 10.000000 4.375000 -1.000000
6.743236 10.000000 4.375000 -1.000000
6.964922 10.000000 4.375000 -1.000000
7.308535 10.000000 4.375000 -1.000000
7.841136 10.000000 4.375000 -1.000000
6.599513 10.045929 4.375000 -1.000000
6.742585 10.111962 4.375000 -1.000000
6.964346 10.214314 4.375000 -1.000000
7.308076 10.372958 4.375000 -1.000000
7.840856 10.618857 4.375000 -1.000000
6.598197 10.090644 4.375000 -1.000000
6.741360 10.222794 4.375000 -1.000000
6.963262 10.427627 4.375000 -1.000000
7.307211 10.745118 4.375000 -1.000000
7.840331 11.237228 4.375000 -1.000000
6.549926 10.092172 4.375000 -1.000000
6.621450 10.224216 4.375000 -1.000000
6.732313 10.428885 4.375000 -1.000000
6.904149 10.746122 4.375000 -1.000000
7.170496 11.237839 4.375000 -1.000000
6.500000 10.093089 4.375000 -1.000000
6.500000 10.225070 4.375000 -1.000000
6.500000 10.429640 4.375000 -1.000000
6.500000 10.746725 4.375000 -1.000000
6.500000 11.238205 4.375000 -1.000000
6.450074 10.092172 4.375000 -1.000000
6.378550 10.224216 4.375000 -1.000000
6.267687 10.428885 4.375000 -1.000000
6.095851 10.746122 4.375000 -1.000000
5.829504 11.237839 4.375000 -1.000000
6.401803 10.090644 4.375000 -1.000000
6.258640 10.222794 4.375000 -1.000000
6.036738 10.427627 4.375000 -1.000000
5.692789 10.745118 4.375000 -1.000000
5.159669 11.237228 4.375000 -1.000000
6.400487 10.045929 4.375000 -1.000000
6.257415 10.111962 4.375000 -1.000000
6.035654 10.214314 4.375000 -1.000000
5.691924 10.372958 4.375000 -1.000000
5.159144 10.618857 4.375000 -1.000000
6.399787 10.000000 4.375000 -1.000000
6.256764 10.000000 4.375000 -1.000000
6.035078 10.000000 4.375000 -1.000000
5.691465 10.000000 4.375000 -1.000000
5.158864 10.000000 4.375000 -1.000000
6.400487 9.954071 4.375000 -1.000000
6.257415 9.888038 4.375000 -1.000000
6.035654 9.785686 4.375000 -1.000000
5.691924 9.627042 4.375000 -1.000000
5.159144 9.381143 4.375000 -1.000000
6.401803 9.909356 5.250000 -1.000000
6.258640 9.777206 5.250000 -1.000000
6.036738 9.572373 5.250000 -1.000000
5.692789 9.254882 5.250000 -1.000000
5.159669 8.762772 5.250000 -1.000000
6.450074 9.907828 5.250000 -1.000000
6.378550 9.775784 5.250000 -1.000000
6.267687 9.571115 5.250000 -1.000000
6.095851 9.253878 5.250000 -1.000000
5.829504 8.762161 5.250000 -1.000000
6.500000 9.906911 5.250000 -1.000000
6.500000 9.774930 5.250000 -1.000000
6.500000 9.570360 5.250000 -1.000000
6.500000 9.253275 5.250000 -1.000000
6.500000 8.761795 5.250000 -1.000000
6.549926 9.907828 5.250000 -1.000000
6.621450 9.775784 5.250000 -1.000000
6.732313 9.571115 5.250000 -1.000000
6.904149 9.253878 5.250000 -1.000000
7.170496 8.762161 5.250000 -1.000000
6.598197 9.909356 5.250000 -1.000000
6.741360 9.777206 5.250000 -1.000000
6.963262 9.572373 5.250000 -1.000000
7.307211 9.254882 5.250000 -1.000000
7.840331 8.762772 5.250000 -1.000000
6.599513 9.954071 5.250000 -1.000000
6.742585 9.888038 5.250000 -1.000000
6.964346 9.785686 5.250000 -1.000000
7.308076 9.627042 5.250000 -1.000000
7.840856 9.381143 5.250000 -1.000000
6.600213 10.000000 5.250000 -1.000000
6.743236 10.000000 5.250000 -1.000000
6.964922 10.000000 5.250000 -1.000000
7.308535 10.000000 5.250000 -1.000000
7.841136 10.000000 5.250000 -1.000000
6.599513 10.045929 5.250000 -1.000000
6.742585 10.111962 5.250000 -1.000000
6.964346 10.214314 5.250000 -1.000000
7.308076 10.372958 5.250000 -1.000000
7.840856 10.618857 5.250000 -1.000000
6.598197 10.090644 5.250000 -1.000000
6.741360 10.222794 5.250000 -1.000000
6.963262 10.427627 5.250000 -1.000000
7.307211 10.745118 5.250000 -1.000000
7.840331 11.237228 5.250000 -1.000000
6.549926 10.092172 5.250000 -1.000000
6.621450 10.224216 5.250000 -1.000000
6.732313 10.428885 5.250000 -1.000000
6.904149 10.746122 5.250000 -1.000000
7.170496 11.237839 5.250000 -1.000000
6.500000 10.093089 5.250000 -1.000000
6.500000 10.225070 5.250000 -1.000000
6.500000 10.429640 5.250000 -1.000000
6.500000 10.746725 5.250000 -1.000000
6.500000 11.238205 5.250000 -1.000000
6.450074 10.092172 5.250000 -1.000000
6.378550 10.224216 5.250000 -1.000000
6.267687 10.428885 5.250000 -1.000000
6.095851 10.746122 5.250000 -1.000000
5.829504 11.237839 5.250000 -1.000000
6.401803 10.090644 5.250000 -1.000000
6.258640 10.222794 5.250000 -1.000000
6.036738 10.427627 5.250000 -1.000000
5.692789 10.745118 5.250000 -1.000000
5.159669 11.237228 5.250000 -1.000000
6.400487 10.045929 5.250000 -1.000000
6.257415 10.111962 5.250000 -1.000000
6.035654 10.214314 5.250000 -1.000000
5.691924 10.372958 5.250000 -1.000000
5.159144 10.618857 5.250000 -1.000000
6.399787 10.000000 5.250000 -1.000000
6.256764 10.000000 5.250000 -1.000000
6.035078 10.000000 5.250000 -1.000000
5.691465 10.000000 5.250000 -1.000000
5.158864 10.000000 5.250000 -1.000000
6.400487 9.954071 5.250000 -1.000000
6.257415 9.888038 5.250000 -1.000000
6.035654 9.785686 5.250000 -1.000000
5.691924 9.627042 5.250000 -1.000000
5.159144 9.381143 5.250000 -1.000000
6.401803 9.909356 6.125000 -1.000000
6.258640 9.777206 6.125000 -1.000000
6.036738 9.572373 6.125000 -1.000000
5.692789 9.254882 6.125000 -1.000000
5.159669 8.762772 6.125000 -1.000000
6.450074 9.907828 6.125000 -1.000000
6.378550 9.775784 6.125000 -1.000000
6.267687 9.571115 6.125000 -1.000000
6.095851 9.253878 6.125000 -1.000000
5.829504 8.762161 6.125000 -1.000000
6.500000 9.906911 6.125000 -1.000000
6.500000 9.774930 6.125000 -1.000000
6.500000 9.570360 6.125000 -1.000000
6.500000 9.253275 6.125000 -1.000000
6.500000 8.761795 6.125000 -1.000000
6.549926 9.907828 6.125000 -1.000000
6.621450 9.775784 6.125000 -1.000000
6.732313 9.571115 6.125000 -1.000000
6.904149 9.253878 6.125000 -1.000000
7.170496 8.762161 6.125000 -1.000000
6.598197 9.909356 6.125000 -1.000000
6.741360 9.777206 6.125000 -1.000000
6.963262 9.572373 6.125000 -1.000000
7.307211 9.254882 6.125000 -1.000000
7.840331 8.762772 6.125000 -1.000000
6.599513 9.954071 6.125000 -1.000000
6.742585 9.888038 6.125000 -1.000000
6.964346 9.785686 6.125000 -1.000000
7.308076 9.627042 6.125000 -1.000000
7.840856 9.381143 6.125000 -1.000000
6.600213 10.000000 6.125000 -1.000000
6.743236 10.000000 6.125000 -1.000000
6.964922 10.000000 6.125000 -1.000000
7.308535 10.000000 6.125000 -1.000000
7.841136 10.000000 6.125000 -1.000000
6.599513 10.045929 6.125000 -1.000000
6.742585 10.111962 6.125000 -1.000000
6.964346 10.214314 6.125000 -1.000000
7.308076 10.372958 6.125000 -1.000000
7.840856 10.618857 6.125000 -1.000000
6.598197 10.090644 6.125000 -1.000000
6.741360 10.222794 6.125000 -1.000000
6.963262 10.427627 6.125000 -1.000000
7.307211 10.745118 6.125000 -1.000000
7.840331 11.237228 6.125000 -1.000000
6.549926 10.092172 6.125000 -1.000000
6.621450 10.224216 6.125000 -1.000000
6.732313 10.428885 6.125000 -1.000000
6.904149 10.746122 6.125000 -1.000000
7.170496 11.237839 6.125000 -1.000000
6.500000 10.093089 6.125000 -1.000000
6.500000 10.225070 6.125000 -1.000000
6.500000 10.429640 6.125000 -1.000000
6.500000 10.746725 6.125000 -1.000000
6.500000 11.238205 6.125000 -1.000000
6.450074 10.092172 6.125000 -1.000000
6.378550 10.224216 6.125000 -1.000000
6.267687 10.428885 6.125000 -1.000000
6.095851 10.746122 6.125000 -1.000000
5.829504 11.237839 6.125000 -1.000000
6.401803 10.090644 6.125000 -1.000000
6.258640 10.222794 6.125000 -1.000000
6.036738 10.427627 6.125000 -1.000000
5.692789 10.745118 6.125000 -1.000000
5.159669 11.237228 6.125000 -1.000000
6.400487 10.045929 6.125000 -1.000000
6.257415 10.111962 6.125000 -1.000000
6.035654 10.214314 6.125000 -1.000000
5.691924 10.372958 6.125000 -1.000000
5.159144 10.618857 6.125000 -1.000000
6.399787 10.000000 6.125000 -1.000000
6.256764 10.000000 6.125000 -1.000000
6.035078 10.000000 6.125000 -1.000000
5.691465 10.000000 6.125000 -1.000000
5.158864 10.000000 6.125000 -1.000000
6.400487 9.954071 6.125000 -1.000000
6.257415 9.888038 6.125000 -1.000000
6.035654 9.785686 6.125000 -1.000000
5.691924 9.627042 6.125000 -1.000000
5.159144 9.381143 6.125000 -1.000000
6.401803 9.909356 7.000000 -1.000000
6.258640 9.777206 7.000000 -1.000000
6.036738 9.572373 7.000000 -1.000000
5.692789 9.254882 7.000000 -1.000000
5.159669 8.762772 7.000000 -1.000000
6.450074 9.907828 7.000000 -1.000000
6.378550 9.775784 7.000000 -1.000000
6.267687 9.571115 7.000000 -1.000000
6.095851 9.253878 7.000000 -1.000000
5.829504 8.762161 7.000000 -1.000000
6.500000 9.906911 7.000000 -1.000000
6.500000 9.774930 7.000000 -1.000000
6.500000 9.570360 7.000000 -1.000000
6.500000 9.253275 7.000000 -1.000000
6.500000 8.761795 7.000000 -1.000000
6.549926 9.907828 7.000000 -1.000000
6.621450 9.775784 7.000000 -1.000000
6.732313 9.571115 7.000000 -1.000000
6.904149 9.253878 7.000000 -1.000000
7.170496 8.762161 7.000000 -1.000000
6.598197 9.909356 7.000000 -1.000000
6.741360 9.777206 7.000000 -1.000000
6.963262 9.572373 7.000000 -1.000000
7.307211 9.254882 7.000000 -1.000000
7.840331 8.762772 7.000000 -1.000000
6.599513 9.954071 7.000000 -1.000000
6.742585 9.888038 7.000000 -1.000000
6.964346 9.785686 7.000000 -1.000000
7.308076 9.627042 7.000000 -1.000000
7.840856 9.381143 7.000000 -1.000000
6.600213 10.000000 7.000000 -1.000000
6.743236 10.000000 7.000000 -1.000000
6.964922 10.000000 7.000000 -1.000000
7.308535 10.000000 7.000000 -1.000000
7.841136 10.000000 7.000000 -1.000000
6.599513 10.045929 7.000000 -1.000000
6.742585 10.111962 7.000000 -1.000000
6.964346 10.214314 7.000000 -1.000000
7.308076 10.372958 7.000000 -1.000000
7.840856 10.618857 7.000000 -1.000000
6.598197 10.090644 7.000000 -1.000000
6.741360 10.222794 7.000000 -1.000000
6.963262 10.427627 7.000000 -1.000000
7.307211 10.745118 7.000000 -1.000000
7.840331 11.237228 7.000000 -1.000000
6.549926 10.092172 7.000000 -1.000000
6.621450 10.224216 7.000000 -1.000000
6.732313 10.428885 7.000000 -1.000000
6.904149 10.746122 7.000000 -1.000000
7.170496 11.237839 7.000000 -1.000000
6.500000 10.093089 7.000000 -1.000000
6.500000 10.225070 7.000000 -1.000000
6.500000 10.429640 7.000000 -1.000000
6.500000 10.746725 7.000000 -1.000000
6.500000 11.238205 7.000000 -1.000000
6.450074 10.092172 7.000000 -1.000000
6.378550 10.224216 7.000000 -1.000000
6.267687 10.428885 7.000000 -1.000000
6.095851 10.746122 7.000000 -1.000000
5.829504 11.237839 7.000000 -1.000000
6.401803 10.090644 7.000000 -1.000000
6.258640 10.222794 7.000000 -1.000000
6.036738 10.427627 7.000000 -1.000000
5.692789 10.745118 7.000000 -1.000000
5.159669 11.237228 7.000000 -1.000000
6.400487 10.045929 7.000000 -1.000000
6.257415 10.111962 7.000000 -1.000000
6.035654 10.214314 7.000000 -1.000000
5.691924 10.372958 7.000000 -1.000000
5.159144 10.618857 7.000000 -1.000000
6.399787 10.000000 7.000000 -1.000000
6.256764 10.000000 7.000000 -1.000000
6.035078 10.000000 7.000000 -1.000000
5.691465 10.000000 7.000000 -1.000000
5.158864 10.000000 7.000000 -1.000000
6.400487 9.954071 7.000000 -1.000000
6.257415 9.888038 7.000000 -1.000000
6.035654 9.785686 7.000000 -1.000000
5.691924 9.627042 7.000000 -1.000000
5.159144 9.381143 7.000000 -1.000000
6.494166 1.994614 3.670000 1000000.000000
6.496218 1.993018 3.670000 1000000.000000
6.500000 1.992060 3.670000 1000000.000000
6.503782 1.993018 3.670000 1000000.000000
6.505834 1.994614 3.670000 1000000.000000
6.507209 1.996673 3.670000 1000000.000000
6.507940 2.000000 3.670000 1000000.000000
6.507209 2.003327 3.670000 1000000.000000
6.505834 2.005386 3.670000 1000000.000000
6.503782 2.006982 3.670000 1000000.000000
6.500000 2.007940 3.670000 1000000.000000
6.496218 2.006982 3.670000 1000000.000000
6.494166 2.005386 3.670000 1000000.000000
6.492791 2.003327 3.670000 1000000.000000
6.492060 2.000000 3.670000 1000000.000000
6.492791 1.996673 3.670000 1000000.000000
6.494166 1.994614 4.375000 1000000.000000
6.496218 1.993018 4.375000 1000000.000000
6.500000 1.992060 4.375000 1000000.000000
6.503782 1.993018 4.375000 1000000.000000
6.505834 1.994614 4.375000 1000000.000000
6.507209 1.996673 4.375000 1000000.000000
6.507940 2.000000 4.375000 1000000.000000
6.507209 2.003327 4.375000 1000000.000000
6.505834 2.005386 4.375000 1000000.000000
6.503782 2.006982 4.375000 1000000.000000
6.500000 2.007940 4.375000 1000000.000000
6.496218 2.006982 4.375000 1000000.000000
6.494166 2.005386 4.375000 1000000.000000
6.492791 2.003327 4.375000 1000000.000000
6.492060 2.000000 4.375000 1000000.000000
6.492791 1.996673 4.375000 1000000.000000
6.494166 1.994614 5.250000 1000000.000000
6.496218 1.993018 5.250000 1000000.000000
6.500000 1.992060 5.250000 1000000.000000
6.503782 1.993018 5.250000 1000000.000000
6.505834 1.994614 5.250000 1000000.000000
6.507209 1.996673 5.250000 1000000.000000
6.507940 2.000000 5.250000 1000000.000000
6.507209 2.003327 5.250000 1000000.000000
6.505834 2.005386 5.250000 1000000.000000
6.503782 2.006982 5.250000 1000000.000000
6.500000 2.007940 5.250000 1000000.000000
6.496218 2.006982 5.250000 1000000.000000
6.494166 2.005386 5.250000 1000000.000000
6.492791 2.003327 5.250000 1000000.000000
6.492060 2.000000 5.250000 1000000.000000
6.492791 1.996673 5.250000 1000000.000000
6.494166 1.994614 6.125000 1000000.000000
6.496218 1.993018 6.125000 1000000.000000
6.500000 1.992060 6.125000 1000000.000000
6.503782 1.993018 6.125000 1000000.000000
6.505834 1.994614 6.125000 1000000.000000
6.507209 1.996673 6.125000 1000000.000000
6.507940 2.000000 6.125000 1000000.000000
6.507209 2.003327 6.125000 1000000.000000
6.505834 2.005386 6.125000 1000000.000000
6.503782 2.006982 6.125000 1000000.000000
6.500000 2.007940 6.125000 1000000.000000
6.496218 2.006982 6.125000 1000000.000000
6.494166 2.005386 6.125000 1000000.000000
6.492791 2.003327 6.125000 1000000.000000
6.492060 2.000000 6.125000 1000000.000000
6.492791 1.996673 6.125000 1000000.000000
6.494166 1.994614 7.000000 1000000.000000
6.496218 1.993018 7.000000 1000000.000000
6.500000 1.992060 7.000000 1000000.000000
6.503782 1.993018 7.000000 1000000.000000
6.505834 1.994614 7.000000 1000000.000000
6.507209 1.996673 7.000000 1000000.000000
6.507940 2.000000 7.000000 1000000.000000
6.507209 2.003327 7.000000 1000000.000000
6.505834 2.005386 7.000000 1000000.000000
6.503782 2.006982 7.000000 1000000.000000
6.500000 2.007940 7.000000 1000000.000000
6.496218 2.006982 7.000000 1000000.000000
6.494166 2.005386 7.000000 1000000.000000
6.492791 2.003327 7.000000 1000000.000000
6.492060 2.000000 7.000000 1000000.000000
6.492791 1.996673 7.000000 1000000.000000
6.494166 9.994614 3.670000 1000000.000000
6.496218 9.993018 3.670000 1000000.000000
6.500000 9.992060 3.670000 1000000.000000
6.503782 9.993018 3.670000 1000000.000000
6.505834 9.994614 3.670000 1000000.000000
6.507209 9.996673 3.670000 1000000.000000
6.507940 10.000000 3.670000 1000000.000000
6.507209 10.003327 3.670000 1000000.000000
6.505834 10.005386 3.670000 1000000.000000
6.503782 10.006982 3.670000 1000000.000000
6.500000 10.007940 3.670000 1000000.000000
6.496218 10.006982 3.670000 1000000.000000
6.494166 10.005386 3.670000 1000000.000000
6.492791 10.003327 3.670000 1000000.000000
6.492060 10.000000 3.670000 1000000.000000
6.492791 9.996673 3.670000 1000000.000000
6.494166 9.994614 4.375000 1000000.000000
6.496218 9.993018 4.375000 1000000.000000
6.500000 9.992060 4.375000 1000000.000000
6.503782 9.993018 4.375000 1000000.000000
6.505834 9.994614 4.375000 1000000.000000
6.507209 9.996673 4.375000 1000000.000000
6.507940 10.000000 4.375000 1000000.000000
6.507209 10.003327 4.375000 1000000.000000
6.505834 10.005386 4.375000 1000000.000000
6.503782 10.006982 4.375000 1000000.000000
6.500000 10.007940 4.375000 1000000.000000
6.496218 10.006982 4.375000 1000000.000000
6.494166 10.005386 4.375000 1000000.000000
6.492791 10.003327 4.375000 1000000.000000
6.492060 10.000000 4.375000 1000000.000000
6.492791 9.996673 4.375000 1000000.000000
6.494166 9.994614 5.250000 1000000.000000
6.496218 9.993018 5.250000 1000000.000000
6.500000 9.992060 5.250000 1000000.000000
6.503782 9.993018 5.250000 1000000.000000
6.505834 9.994614 5.250000 1000000.000000
6.507209 9.996673 5.250000 1000000.000000
6.507940 10.000000 5.250000 1000000.000000
6.507209 10.003327 5.250000 1000000.000000
6.505834 10.005386 5.250000 1000000.000000
6.503782 10.006982 5.250000 1000000.000000
6.500000 10.007940 5.250000 1000000.000000
6.496218 10.006982 5.250000 1000000.000000
6.494166 10.005386 5.250000 1000000.000000
6.492791 10.003327 5.250000 1000000.000000
6.492060 10.000000 5.250000 1000000.000000
6.492791 9.996673 5.250000 1000000.000000
6.494166 9.994614 6.125000 1000000.000000
6.496218 9.993018 6.125000 1000000.000000
6.500000 9.992060 6.125000 1000000.000000
6.503782 9.993018 6.125000 1000000.000000
6.505834 9.994614 6.125000 1000000.000000
6.507209 9.996673 6.125000 1000000.000000
6.507940 10.000000 6.125000 1000000.000000
6.507209 10.003327 6.125000 1000000.000000
6.505834 10.005386 6.125000 1000000.000000
6.503782 10.006982 6.125000 1000000.000000
6.500000 10.007940 6.125000 1000000.000000
6.496218 10.006982 6.125000 1000000.000000
6.494166 10.005386 6.125000 1000000.000000
6.492791 10.003327 6.125000 1000000.000000
6.492060 10.000000 6.125000 1000000.000000
6.492791 9.996673 6.125000 1000000.000000
6.494166 9.994614 7.000000 1000000.000000
6.496218 9.993018 7.000000 1000000.000000
6.500000 9.992060 7.000000 1000000.000000
6.503782 9.993018 7.000000 1000000.000000
6.505834 9.994614 7.000000 1000000.000000
6.507209 9.996673 7.000000 1000000.000000
6.507940 10.000000 7.000000 1000000.000000
6.507209 10.003327 7.000000 1000000.000000
6.505834 10.005386 7.000000 1000000.000000
6.503782 10.006982 7.000000 1000000.000000
6.500000 10.007940 7.000000 1000000.000000
6.496218 10.006982 7.000000 1000000.000000
6.494166 10.005386 7.000000 1000000.000000
6.492791 10.003327 7.000000 1000000.000000
6.492060 10.000000 7.000000 1000000.000000
6.492791 9.996673 7.000000 1000000.000000
0.000000 0.000000 0.000000 0.000000
0.000000 4.000000 0.000000 0.000000
0.000000 5.333333 0.000000 0.000000
0.000000 5.333333 1.166667 0.000000
0.000000 6.666667 0.000000 0.000000
0.000000 6.666667 1.166667 0.000000
0.000000 8.000000 0.000000 0.000000
0.000000 12.000000 0.000000 0.000000
13.000000 0.000000 0.000000 0.000000
13.000000 4.000000 0.000000 0.000000
13.000000 5.333333 0.000000 0.000000
13.000000 5.333333 1.166667 0.000000
13.000000 6.666667 0.000000 0.000000
13.000000 6.666667 1.166667 0.000000
13.000000 8.000000 0.000000 0.000000
13.000000 12.000000 0.000000 0.000000
