0.000000 0.000000 0.100000 100.000000
0.000000 0.555556 0.100000 100.000000
0.000000 1.111111 0.100000 100.000000
0.000000 1.666667 0.100000 100.000000
0.000000 2.222222 0.100000 100.000000
0.000000 2.777778 0.100000 100.000000
0.000000 3.333333 0.100000 100.000000
0.000000 3.888889 0.100000 100.000000
0.000000 4.444444 0.100000 100.000000
0.000000 5.000000 0.100000 100.000000
0.000000 5.555556 0.100000 100.000000
0.000000 6.111111 0.100000 100.000000
0.000000 6.666667 0.100000 100.000000
0.000000 7.222222 0.100000 100.000000
0.000000 7.777778 0.100000 100.000000
0.000000 8.333333 0.100000 100.000000
0.000000 8.888889 0.100000 100.000000
0.000000 9.444444 0.100000 100.000000
0.000000 10.000000 0.100000 100.000000
0.434783 0.000000 0.100000 100.000000
0.434783 0.555556 0.100000 100.000000
0.434783 1.111111 0.100000 100.000000
0.434783 1.666667 0.100000 100.000000
0.434783 2.222222 0.100000 100.000000
0.434783 2.777778 0.100000 100.000000
0.434783 3.333333 0.100000 100.000000
0.434783 3.888889 0.100000 100.000000
0.434783 4.444444 0.100000 100.000000
0.434783 5.000000 0.100000 100.000000
0.434783 5.555556 0.100000 100.000000
0.434783 6.111111 0.100000 100.000000
0.434783 6.666667 0.100000 100.000000
0.434783 7.222222 0.100000 100.000000
0.434783 7.777778 0.100000 100.000000
0.434783 8.333333 0.100000 100.000000
0.434783 8.888889 0.100000 100.000000
0.434783 9.444444 0.100000 100.000000
0.434783 10.000000 0.100000 100.000000
0.869565 0.000000 0.100000 100.000000
0.869565 0.555556 0.100000 100.000000
0.869565 1.111111 0.100000 100.000000
0.869565 1.666667 0.100000 100.000000
0.869565 2.222222 0.100000 100.000000
0.869565 2.777778 0.100000 100.000000
0.869565 3.333333 0.100000 100.000000
0.869565 3.888889 0.100000 100.000000
0.869565 4.444444 0.100000 100.000000
0.869565 5.000000 0.100000 100.000000
0.869565 5.555556 0.100000 100.000000
0.869565 6.111111 0.100000 100.000000
0.869565 6.666667 0.100000 100.000000
0.869565 7.222222 0.100000 100.000000
0.869565 7.777778 0.100000 100.000000
0.869565 8.333333 0.100000 100.000000
0.869565 8.888889 0.100000 100.000000
0.869565 9.444444 0.100000 100.000000
0.869565 10.000000 0.100000 100.000000
1.304348 0.000000 0.100000 100.000000
1.304348 0.555556 0.100000 100.000000
1.304348 1.111111 0.100000 100.000000
1.304348 1.666667 0.100000 100.000000
1.304348 2.222222 0.100000 100.000000
1.304348 2.777778 0.100000 100.000000
1.304348 3.333333 0.100000 100.000000
1.304348 3.888889 0.100000 100.000000
1.304348 4.444444 0.100000 100.000000
1.304348 5.000000 0.100000 100.000000
1.304348 5.555556 0.100000 100.000000
1.304348 6.111111 0.100000 100.000000
1.304348 6.666667 0.100000 100.000000
1.304348 7.222222 0.100000 100.000000
1.304348 7.777778 0.100000 100.000000
1.304348 8.333333 0.100000 100.000000
1.304348 8.888889 0.100000 100.000000
1.304348 9.444444 0.100000 100.000000
1.304348 10.000000 0.100000 100.000000
1.739130 0.000000 0.100000 100.000000
1.739130 0.555556 0.100000 100.000000
1.739130 1.111111 0.100000 100.000000
1.739130 1.666667 0.100000 100.000000
1.739130 2.222222 0.100000 100.000000
1.739130 2.777778 0.100000 100.000000
1.739130 3.333333 0.100000 100.000000
1.739130 3.888889 0.100000 100.000000
1.739130 4.444444 0.100000 100.000000
1.739130 5.000000 0.100000 100.000000
1.739130 5.555556 0.100000 100.000000
1.739130 6.111111 0.100000 100.000000
1.739130 6.666667 0.100000 100.000000
1.739130 7.222222 0.100000 100.000000
1.739130 7.777778 0.100000 100.000000
1.739130 8.333333 0.100000 100.000000
1.739130 8.888889 0.100000 100.000000
1.739130 9.444444 0.100000 100.000000
1.739130 10.000000 0.100000 100.000000
2.173913 0.000000 0.100000 100.000000
2.173913 0.555556 0.100000 100.000000
2.173913 1.111111 0.100000 100.000000
2.173913 1.666667 0.100000 100.000000
2.173913 2.222222 0.100000 100.000000
2.173913 2.777778 0.100000 100.000000
2.173913 3.333333 0.100000 100.000000
2.173913 3.888889 0.100000 100.000000
2.173913 4.444444 0.100000 100.000000
2.173913 5.000000 0.100000 100.000000
2.173913 5.555556 0.100000 100.000000
2.173913 6.111111 0.100000 100.000000
2.173913 6.666667 0.100000 100.000000
2.173913 7.222222 0.100000 100.000000
2.173913 7.777778 0.100000 100.000000
2.173913 8.333333 0.100000 100.000000
2.173913 8.888889 0.100000 100.000000
2.173913 9.444444 0.100000 100.000000
2.173913 10.000000 0.100000 100.000000
2.608696 0.000000 0.100000 100.000000
2.608696 0.555556 0.100000 100.000000
2.608696 1.111111 0.100000 100.000000
2.608696 1.666667 0.100000 100.000000
2.608696 2.222222 0.100000 100.000000
2.608696 2.777778 0.100000 100.000000
2.608696 3.333333 0.100000 100.000000
2.608696 3.888889 0.100000 100.000000
2.608696 4.444444 0.100000 100.000000
2.608696 5.000000 0.100000 100.000000
2.608696 5.555556 0.100000 100.000000
2.608696 6.111111 0.100000 100.000000
2.608696 6.666667 0.100000 100.000000
2.608696 7.222222 0.100000 100.000000
2.608696 7.777778 0.100000 100.000000
2.608696 8.333333 0.100000 100.000000
2.608696 8.888889 0.100000 100.000000
2.608696 9.444444 0.100000 100.000000
2.608696 10.000000 0.100000 100.000000
3.043478 0.000000 0.100000 100.000000
3.043478 0.555556 0.100000 100.000000
3.043478 1.111111 0.100000 100.000000
3.043478 1.666667 0.100000 100.000000
3.043478 2.222222 0.100000 100.000000
3.043478 2.777778 0.100000 100.000000
3.043478 3.333333 0.100000 100.000000
3.043478 3.888889 0.100000 100.000000
3.043478 4.444444 0.100000 100.000000
3.043478 5.000000 0.100000 100.000000
3.043478 5.555556 0.100000 100.000000
3.043478 6.111111 0.100000 100.000000
3.043478 6.666667 0.100000 100.000000
3.043478 7.222222 0.100000 100.000000
3.043478 7.777778 0.100000 100.000000
3.043478 8.333333 0.100000 100.000000
3.043478 8.888889 0.100000 100.000000
3.043478 9.444444 0.100000 100.000000
3.043478 10.000000 0.100000 100.000000
3.478261 0.000000 0.100000 100.000000
3.478261 0.555556 0.100000 100.000000
3.478261 1.111111 0.100000 100.000000
3.478261 1.666667 0.100000 100.000000
3.478261 2.222222 0.100000 100.000000
3.478261 2.777778 0.100000 100.000000
3.478261 3.333333 0.100000 100.000000
3.478261 3.888889 0.100000 100.000000
3.478261 4.444444 0.100000 100.000000
3.478261 5.000000 0.100000 100.000000
3.478261 5.555556 0.100000 100.000000
3.478261 6.111111 0.100000 100.000000
3.478261 6.666667 0.100000 100.000000
3.478261 7.222222 0.100000 100.000000
3.478261 7.777778 0.100000 100.000000
3.478261 8.333333 0.100000 100.000000
3.478261 8.888889 0.100000 100.000000
3.478261 9.444444 0.100000 100.000000
3.478261 10.000000 0.100000 100.000000
3.913043 0.000000 0.100000 100.000000
3.913043 0.555556 0.100000 100.000000
3.913043 1.111111 0.100000 100.000000
3.913043 1.666667 0.100000 100.000000
3.913043 2.222222 0.100000 100.000000
3.913043 2.777778 0.100000 100.000000
3.913043 3.333333 0.100000 100.000000
3.913043 3.888889 0.100000 100.000000
3.913043 4.444444 0.100000 100.000000
3.913043 5.000000 0.100000 100.000000
3.913043 5.555556 0.100000 100.000000
3.913043 6.111111 0.100000 100.000000
3.913043 6.666667 0.100000 100.000000
3.913043 7.222222 0.100000 100.000000
3.913043 7.777778 0.100000 100.000000
3.913043 8.333333 0.100000 100.000000
3.913043 8.888889 0.100000 100.000000
3.913043 9.444444 0.100000 100.000000
3.913043 10.000000 0.100000 100.000000
4.347826 0.000000 0.100000 100.000000
4.347826 0.555556 0.100000 100.000000
4.347826 1.111111 0.100000 100.000000
4.347826 1.666667 0.100000 100.000000
4.347826 2.222222 0.100000 100.000000
4.347826 2.777778 0.100000 100.000000
4.347826 3.333333 0.100000 100.000000
4.347826 3.888889 0.100000 100.000000
4.347826 4.444444 0.100000 100.000000
4.347826 5.000000 0.100000 100.000000
4.347826 5.555556 0.100000 100.000000
4.347826 6.111111 0.100000 100.000000
4.347826 6.666667 0.100000 100.000000
4.347826 7.222222 0.100000 100.000000
4.347826 7.777778 0.100000 100.000000
4.347826 8.333333 0.100000 100.000000
4.347826 8.888889 0.100000 100.000000
4.347826 9.444444 0.100000 100.000000
4.347826 10.000000 0.100000 100.000000
4.782609 0.000000 0.100000 100.000000
4.782609 0.555556 0.100000 100.000000
4.782609 1.111111 0.100000 100.000000
4.782609 1.666667 0.100000 100.000000
4.782609 2.222222 0.100000 100.000000
4.782609 2.777778 0.100000 100.000000
4.782609 3.333333 0.100000 100.000000
4.782609 3.888889 0.100000 100.000000
4.782609 4.444444 0.100000 100.000000
4.782609 5.000000 0.100000 100.000000
4.782609 5.555556 0.100000 100.000000
4.782609 6.111111 0.100000 100.000000
4.782609 6.666667 0.100000 100.000000
4.782609 7.222222 0.100000 100.000000
4.782609 7.777778 0.100000 100.000000
4.782609 8.333333 0.100000 100.000000
4.782609 8.888889 0.100000 100.000000
4.782609 9.444444 0.100000 100.000000
4.782609 10.000000 0.100000 100.000000
5.217391 0.000000 0.100000 100.000000
5.217391 0.555556 0.100000 100.000000
5.217391 1.111111 0.100000 100.000000
5.217391 1.666667 0.100000 100.000000
5.217391 2.222222 0.100000 100.000000
5.217391 2.777778 0.100000 100.000000
5.217391 3.333333 0.100000 100.000000
5.217391 3.888889 0.100000 100.000000
5.217391 4.444444 0.100000 100.000000
5.217391 5.000000 0.100000 100.000000
5.217391 5.555556 0.100000 100.000000
5.217391 6.111111 0.100000 100.000000
5.217391 6.666667 0.100000 100.000000
5.217391 7.222222 0.100000 100.000000
5.217391 7.777778 0.100000 100.000000
5.217391 8.333333 0.100000 100.000000
5.217391 8.888889 0.100000 100.000000
5.217391 9.444444 0.100000 100.000000
5.217391 10.000000 0.100000 100.000000
5.652174 0.000000 0.100000 100.000000
5.652174 0.555556 0.100000 100.000000
5.652174 1.111111 0.100000 100.000000
5.652174 1.666667 0.100000 100.000000
5.652174 2.222222 0.100000 100.000000
5.652174 2.777778 0.100000 100.000000
5.652174 3.333333 0.100000 100.000000
5.652174 3.888889 0.100000 100.000000
5.652174 4.444444 0.100000 100.000000
5.652174 5.000000 0.100000 100.000000
5.652174 5.555556 0.100000 100.000000
5.652174 6.111111 0.100000 100.000000
5.652174 6.666667 0.100000 100.000000
5.652174 7.222222 0.100000 100.000000
5.652174 7.777778 0.100000 100.000000
5.652174 8.333333 0.100000 100.000000
5.652174 8.888889 0.100000 100.000000
5.652174 9.444444 0.100000 100.000000
5.652174 10.000000 0.100000 100.000000
6.086957 0.000000 0.100000 100.000000
6.086957 0.555556 0.100000 100.000000
6.086957 1.111111 0.100000 100.000000
6.086957 1.666667 0.100000 100.000000
6.086957 2.222222 0.100000 100.000000
6.086957 2.777778 0.100000 100.000000
6.086957 3.333333 0.100000 100.000000
6.086957 3.888889 0.100000 100.000000
6.086957 4.444444 0.100000 100.000000
6.086957 5.000000 0.100000 100.000000
6.086957 5.555556 0.100000 100.000000
6.086957 6.111111 0.100000 100.000000
6.086957 6.666667 0.100000 100.000000
6.086957 7.222222 0.100000 100.000000
6.086957 7.777778 0.100000 100.000000
6.086957 8.333333 0.100000 100.000000
6.086957 8.888889 0.100000 100.000000
6.086957 9.444444 0.100000 100.000000
6.086957 10.000000 0.100000 100.000000
6.521739 0.000000 0.100000 100.000000
6.521739 0.555556 0.100000 100.000000
6.521739 1.111111 0.100000 100.000000
6.521739 1.666667 0.100000 100.000000
6.521739 2.222222 0.100000 100.000000
6.521739 2.777778 0.100000 100.000000
6.521739 3.333333 0.100000 100.000000
6.521739 3.888889 0.100000 100.000000
6.521739 4.444444 0.100000 100.000000
6.521739 5.000000 0.100000 100.000000
6.521739 5.555556 0.100000 100.000000
6.521739 6.111111 0.100000 100.000000
6.521739 6.666667 0.100000 100.000000
6.521739 7.222222 0.100000 100.000000
6.521739 7.777778 0.100000 100.000000
6.521739 8.333333 0.100000 100.000000
6.521739 8.888889 0.100000 100.000000
6.521739 9.444444 0.100000 100.000000
6.521739 10.000000 0.100000 100.000000
6.956522 0.000000 0.100000 100.000000
6.956522 0.555556 0.100000 100.000000
6.956522 1.111111 0.100000 100.000000
6.956522 1.666667 0.100000 100.000000
6.956522 2.222222 0.100000 100.000000
6.956522 2.777778 0.100000 100.000000
6.956522 3.333333 0.100000 100.000000
6.956522 3.888889 0.100000 100.000000
6.956522 4.444444 0.100000 100.000000
6.956522 5.000000 0.100000 100.000000
6.956522 5.555556 0.100000 100.000000
6.956522 6.111111 0.100000 100.000000
6.956522 6.666667 0.100000 100.000000
6.956522 7.222222 0.100000 100.000000
6.956522 7.777778 0.100000 100.000000
6.956522 8.333333 0.100000 100.000000
6.956522 8.888889 0.100000 100.000000
6.956522 9.444444 0.100000 100.000000
6.956522 10.000000 0.100000 100.000000
7.391304 0.000000 0.100000 100.000000
7.391304 0.555556 0.100000 100.000000
7.391304 1.111111 0.100000 100.000000
7.391304 1.666667 0.100000 100.000000
7.391304 2.222222 0.100000 100.000000
7.391304 2.777778 0.100000 100.000000
7.391304 3.333333 0.100000 100.000000
7.391304 3.888889 0.100000 100.000000
7.391304 4.444444 0.100000 100.000000
7.391304 5.000000 0.100000 100.000000
7.391304 5.555556 0.100000 100.000000
7.391304 6.111111 0.100000 100.000000
7.391304 6.666667 0.100000 100.000000
7.391304 7.222222 0.100000 100.000000
7.391304 7.777778 0.100000 100.000000
7.391304 8.333333 0.100000 100.000000
7.391304 8.888889 0.100000 100.000000
7.391304 9.444444 0.100000 100.000000
7.391304 10.000000 0.100000 100.000000
7.826087 0.000000 0.100000 100.000000
7.826087 0.555556 0.100000 100.000000
7.826087 1.111111 0.100000 100.000000
7.826087 1.666667 0.100000 100.000000
7.826087 2.222222 0.100000 100.000000
7.826087 2.777778 0.100000 100.000000
7.826087 3.333333 0.100000 100.000000
7.826087 3.888889 0.100000 100.000000
7.826087 4.444444 0.100000 100.000000
7.826087 5.000000 0.100000 100.000000
7.826087 5.555556 0.100000 100.000000
7.826087 6.111111 0.100000 100.000000
7.826087 6.666667 0.100000 100.000000
7.826087 7.222222 0.100000 100.000000
7.826087 7.777778 0.100000 100.000000
7.826087 8.333333 0.100000 100.000000
7.826087 8.888889 0.100000 100.000000
7.826087 9.444444 0.100000 100.000000
7.826087 10.000000 0.100000 100.000000
8.260870 0.000000 0.100000 100.000000
8.260870 0.555556 0.100000 100.000000
8.260870 1.111111 0.100000 100.000000
8.260870 1.666667 0.100000 100.000000
8.260870 2.222222 0.100000 100.000000
8.260870 2.777778 0.100000 100.000000
8.260870 3.333333 0.100000 100.000000
8.260870 3.888889 0.100000 100.000000
8.260870 4.444444 0.100000 100.000000
8.260870 5.000000 0.100000 100.000000
8.260870 5.555556 0.100000 100.000000
8.260870 6.111111 0.100000 100.000000
8.260870 6.666667 0.100000 100.000000
8.260870 7.222222 0.100000 100.000000
8.260870 7.777778 0.100000 100.000000
8.260870 8.333333 0.100000 100.000000
8.260870 8.888889 0.100000 100.000000
8.260870 9.444444 0.100000 100.000000
8.260870 10.000000 0.100000 100.000000
8.695652 0.000000 0.100000 100.000000
8.695652 0.555556 0.100000 100.000000
8.695652 1.111111 0.100000 100.000000
8.695652 1.666667 0.100000 100.000000
8.695652 2.222222 0.100000 100.000000
8.695652 2.777778 0.100000 100.000000
8.695652 3.333333 0.100000 100.000000
8.695652 3.888889 0.100000 100.000000
8.695652 4.444444 0.100000 100.000000
8.695652 5.000000 0.100000 100.000000
8.695652 5.555556 0.100000 100.000000
8.695652 6.111111 0.100000 100.000000
8.695652 6.666667 0.100000 100.000000
8.695652 7.222222 0.100000 100.000000
8.695652 7.777778 0.100000 100.000000
8.695652 8.333333 0.100000 100.000000
8.695652 8.888889 0.100000 100.000000
8.695652 9.444444 0.100000 100.000000
8.695652 10.000000 0.100000 100.000000
9.130435 0.000000 0.100000 100.000000
9.130435 0.555556 0.100000 100.000000
9.130435 1.111111 0.100000 100.000000
9.130435 1.666667 0.100000 100.000000
9.130435 2.222222 0.100000 100.000000
9.130435 2.777778 0.100000 100.000000
9.130435 3.333333 0.100000 100.000000
9.130435 3.888889 0.100000 100.000000
9.130435 4.444444 0.100000 100.000000
9.130435 5.000000 0.100000 100.000000
9.130435 5.555556 0.100000 100.000000
9.130435 6.111111 0.100000 100.000000
9.130435 6.666667 0.100000 100.000000
9.130435 7.222222 0.100000 100.000000
9.130435 7.777778 0.100000 100.000000
9.130435 8.333333 0.100000 100.000000
9.130435 8.888889 0.100000 100.000000
9.130435 9.444444 0.100000 100.000000
9.130435 10.000000 0.100000 100.000000
9.565217 0.000000 0.100000 100.000000
9.565217 0.555556 0.100000 100.000000
9.565217 1.111111 0.100000 100.000000
9.565217 1.666667 0.100000 100.000000
9.565217 2.222222 0.100000 100.000000
9.565217 2.777778 0.100000 100.000000
9.565217 3.333333 0.100000 100.000000
9.565217 3.888889 0.100000 100.000000
9.565217 4.444444 0.100000 100.000000
9.565217 5.000000 0.100000 100.000000
9.565217 5.555556 0.100000 100.000000
9.565217 6.111111 0.100000 100.000000
9.565217 6.666667 0.100000 100.000000
9.565217 7.222222 0.100000 100.000000
9.565217 7.777778 0.100000 100.000000
9.565217 8.333333 0.100000 100.000000
9.565217 8.888889 0.100000 100.000000
9.565217 9.444444 0.100000 100.000000
9.565217 10.000000 0.100000 100.000000
10.000000 0.000000 0.100000 100.000000
10.000000 0.555556 0.100000 100.000000
10.000000 1.111111 0.100000 100.000000
10.000000 1.666667 0.100000 100.000000
10.000000 2.222222 0.100000 100.000000
10.000000 2.777778 0.100000 100.000000
10.000000 3.333333 0.100000 100.000000
10.000000 3.888889 0.100000 100.000000
10.000000 4.444444 0.100000 100.000000
10.000000 5.000000 0.100000 100.000000
10.000000 5.555556 0.100000 100.000000
10.000000 6.111111 0.100000 100.000000
10.000000 6.666667 0.100000 100.000000
10.000000 7.222222 0.100000 100.000000
10.000000 7.777778 0.100000 100.000000
10.000000 8.333333 0.100000 100.000000
10.000000 8.888889 0.100000 100.000000
10.000000 9.444444 0.100000 100.000000
10.000000 10.000000 0.100000 100.000000
0.000000 0.000000 0.000000 0.000000
0.000000 0.555556 0.000000 0.000000
0.000000 1.111111 0.000000 0.000000
0.000000 1.666667 0.000000 0.000000
0.000000 2.222222 0.000000 0.000000
0.000000 2.777778 0.000000 0.000000
0.000000 3.333333 0.000000 0.000000
0.000000 3.888889 0.000000 0.000000
0.000000 4.444444 0.000000 0.000000
0.000000 5.000000 0.000000 0.000000
0.000000 5.555556 0.000000 0.000000
0.000000 6.111111 0.000000 0.000000
0.000000 6.666667 0.000000 0.000000
0.000000 7.222222 0.000000 0.000000
0.000000 7.777778 0.000000 0.000000
0.000000 8.333333 0.000000 0.000000
0.000000 8.888889 0.000000 0.000000
0.000000 9.444444 0.000000 0.000000
0.000000 10.000000 0.000000 0.000000
0.434783 0.000000 0.000000 0.000000
0.434783 0.555556 0.000000 0.000000
0.434783 1.111111 0.000000 0.000000
0.434783 1.666667 0.000000 0.000000
0.434783 2.222222 0.000000 0.000000
0.434783 2.777778 0.000000 0.000000
0.434783 3.333333 0.000000 0.000000
0.434783 3.888889 0.000000 0.000000
0.434783 4.444444 0.000000 0.000000
0.434783 5.000000 0.000000 0.000000
0.434783 5.555556 0.000000 0.000000
0.434783 6.111111 0.000000 0.000000
0.434783 6.666667 0.000000 0.000000
0.434783 7.222222 0.000000 0.000000
0.434783 7.777778 0.000000 0.000000
0.434783 8.333333 0.000000 0.000000
0.434783 8.888889 0.000000 0.000000
0.434783 9.444444 0.000000 0.000000
0.434783 10.000000 0.000000 0.000000
0.869565 0.000000 0.000000 0.000000
0.869565 0.555556 0.000000 0.000000
0.869565 1.111111 0.000000 0.000000
0.869565 1.666667 0.000000 0.000000
0.869565 2.222222 0.000000 0.000000
0.869565 2.777778 0.000000 0.000000
0.869565 3.333333 0.000000 0.000000
0.869565 3.888889 0.000000 0.000000
0.869565 4.444444 0.000000 0.000000
0.869565 5.000000 0.000000 0.000000
0.869565 5.555556 0.000000 0.000000
0.869565 6.111111 0.000000 0.000000
0.869565 6.666667 0.000000 0.000000
0.869565 7.222222 0.000000 0.000000
0.869565 7.777778 0.000000 0.000000
0.869565 8.333333 0.000000 0.000000
0.869565 8.888889 0.000000 0.000000
0.869565 9.444444 0.000000 0.000000
0.869565 10.000000 0.000000 0.000000
1.304348 0.000000 0.000000 0.000000
1.304348 0.555556 0.000000 0.000000
1.304348 1.111111 0.000000 0.000000
1.304348 1.666667 0.000000 0.000000
1.304348 2.222222 0.000000 0.000000
1.304348 2.777778 0.000000 0.000000
1.304348 3.333333 0.000000 0.000000
1.304348 3.888889 0.000000 0.000000
1.304348 4.444444 0.000000 0.000000
1.304348 5.000000 0.000000 0.000000
1.304348 5.555556 0.000000 0.000000
1.304348 6.111111 0.000000 0.000000
1.304348 6.666667 0.000000 0.000000
1.304348 7.222222 0.000000 0.000000
1.304348 7.777778 0.000000 0.000000
1.304348 8.333333 0.000000 0.000000
1.304348 8.888889 0.000000 0.000000
1.304348 9.444444 0.000000 0.000000
1.304348 10.000000 0.000000 0.000000
1.739130 0.000000 0.000000 0.000000
1.739130 0.555556 0.000000 0.000000
1.739130 1.111111 0.000000 0.000000
1.739130 1.666667 0.000000 0.000000
1.739130 2.222222 0.000000 0.000000
1.739130 2.777778 0.000000 0.000000
1.739130 3.333333 0.000000 0.000000
1.739130 3.888889 0.000000 0.000000
1.739130 4.444444 0.000000 0.000000
1.739130 5.000000 0.000000 0.000000
1.739130 5.555556 0.000000 0.000000
1.739130 6.111111 0.000000 0.000000
1.739130 6.666667 0.000000 0.000000
1.739130 7.222222 0.000000 0.000000
1.739130 7.777778 0.000000 0.000000
1.739130 8.333333 0.000000 0.000000
1.739130 8.888889 0.000000 0.000000
1.739130 9.444444 0.000000 0.000000
1.739130 10.000000 0.000000 0.000000
2.173913 0.000000 0.000000 0.000000
2.173913 0.555556 0.000000 0.000000
2.173913 1.111111 0.000000 0.000000
2.173913 1.666667 0.000000 0.000000
2.173913 2.222222 0.000000 0.000000
2.173913 2.777778 0.000000 0.000000
2.173913 3.333333 0.000000 0.000000
2.173913 3.888889 0.000000 0.000000
2.173913 4.444444 0.000000 0.000000
2.173913 5.000000 0.000000 0.000000
2.173913 5.555556 0.000000 0.000000
2.173913 6.111111 0.000000 0.000000
2.173913 6.666667 0.000000 0.000000
2.173913 7.222222 0.000000 0.000000
2.173913 7.777778 0.000000 0.000000
2.173913 8.333333 0.000000 0.000000
2.173913 8.888889 0.000000 0.000000
2.173913 9.444444 0.000000 0.000000
2.173913 10.000000 0.000000 0.000000
2.608696 0.000000 0.000000 0.000000
2.608696 0.555556 0.000000 0.000000
2.608696 1.111111 0.000000 0.000000
2.608696 1.666667 0.000000 0.000000
2.608696 2.222222 0.000000 0.000000
2.608696 2.777778 0.000000 0.000000
2.608696 3.333333 0.000000 0.000000
2.608696 3.888889 0.000000 0.000000
2.608696 4.444444 0.000000 0.000000
2.608696 5.000000 0.000000 0.000000
2.608696 5.555556 0.000000 0.000000
2.608696 6.111111 0.000000 0.000000
2.608696 6.666667 0.000000 0.000000
2.608696 7.222222 0.000000 0.000000
2.608696 7.777778 0.000000 0.000000
2.608696 8.333333 0.000000 0.000000
2.608696 8.888889 0.000000 0.000000
2.608696 9.444444 0.000000 0.000000
2.608696 10.000000 0.000000 0.000000
3.043478 0.000000 0.000000 0.000000
3.043478 0.555556 0.000000 0.000000
3.043478 1.111111 0.000000 0.000000
3.043478 1.666667 0.000000 0.000000
3.043478 2.222222 0.000000 0.000000
3.043478 2.777778 0.000000 0.000000
3.043478 3.333333 0.000000 0.000000
3.043478 3.888889 0.000000 0.000000
3.043478 4.444444 0.000000 0.000000
3.043478 5.000000 0.000000 0.000000
3.043478 5.555556 0.000000 0.000000
3.043478 6.111111 0.000000 0.000000
3.043478 6.666667 0.000000 0.000000
3.043478 7.222222 0.000000 0.000000
3.043478 7.777778 0.000000 0.000000
3.043478 8.333333 0.000000 0.000000
3.043478 8.888889 0.000000 0.000000
3.043478 9.444444 0.000000 0.000000
3.043478 10.000000 0.000000 0.000000
3.478261 0.000000 0.000000 0.000000
3.478261 0.555556 0.000000 0.000000
3.478261 1.111111 0.000000 0.000000
3.478261 1.666667 0.000000 0.000000
3.478261 2.222222 0.000000 0.000000
3.478261 2.777778 0.000000 0.000000
3.478261 3.333333 0.000000 0.000000
3.478261 3.888889 0.000000 0.000000
3.478261 4.444444 0.000000 0.000000
3.478261 5.000000 0.000000 0.000000
3.478261 5.555556 0.000000 0.000000
3.478261 6.111111 0.000000 0.000000
3.478261 6.666667 0.000000 0.000000
3.478261 7.222222 0.000000 0.000000
3.478261 7.777778 0.000000 0.000000
3.478261 8.333333 0.000000 0.000000
3.478261 8.888889 0.000000 0.000000
3.478261 9.444444 0.000000 0.000000
3.478261 10.000000 0.000000 0.000000
3.913043 0.000000 0.000000 0.000000
3.913043 0.555556 0.000000 0.000000
3.913043 1.111111 0.000000 0.000000
3.913043 1.666667 0.000000 0.000000
3.913043 2.222222 0.000000 0.000000
3.913043 2.777778 0.000000 0.000000
3.913043 3.333333 0.000000 0.000000
3.913043 3.888889 0.000000 0.000000
3.913043 4.444444 0.000000 0.000000
3.913043 5.000000 0.000000 0.000000
3.913043 5.555556 0.000000 0.000000
3.913043 6.111111 0.000000 0.000000
3.913043 6.666667 0.000000 0.000000
3.913043 7.222222 0.000000 0.000000
3.913043 7.777778 0.000000 0.000000
3.913043 8.333333 0.000000 0.000000
3.913043 8.888889 0.000000 0.000000
3.913043 9.444444 0.000000 0.000000
3.913043 10.000000 0.000000 0.000000
4.347826 0.000000 0.000000 0.000000
4.347826 0.555556 0.000000 0.000000
4.347826 1.111111 0.000000 0.000000
4.347826 1.666667 0.000000 0.000000
4.347826 2.222222 0.000000 0.000000
4.347826 2.777778 0.000000 0.000000
4.347826 3.333333 0.000000 0.000000
4.347826 3.888889 0.000000 0.000000
4.347826 4.444444 0.000000 0.000000
4.347826 5.000000 0.000000 0.000000
4.347826 5.555556 0.000000 0.000000
4.347826 6.111111 0.000000 0.000000
4.347826 6.666667 0.000000 0.000000
4.347826 7.222222 0.000000 0.000000
4.347826 7.777778 0.000000 0.000000
4.347826 8.333333 0.000000 0.000000
4.347826 8.888889 0.000000 0.000000
4.347826 9.444444 0.000000 0.000000
4.347826 10.000000 0.000000 0.000000
4.782609 0.000000 0.000000 0.000000
4.782609 0.555556 0.000000 0.000000
4.782609 1.111111 0.000000 0.000000
4.782609 1.666667 0.000000 0.000000
4.782609 2.222222 0.000000 0.000000
4.782609 2.777778 0.000000 0.000000
4.782609 3.333333 0.000000 0.000000
4.782609 3.888889 0.000000 0.000000
4.782609 4.444444 0.000000 0.000000
4.782609 5.000000 0.000000 0.000000
4.782609 5.555556 0.000000 0.000000
4.782609 6.111111 0.000000 0.000000
4.782609 6.666667 0.000000 0.000000
4.782609 7.222222 0.000000 0.000000
4.782609 7.777778 0.000000 0.000000
4.782609 8.333333 0.000000 0.000000
4.782609 8.888889 0.000000 0.000000
4.782609 9.444444 0.000000 0.000000
4.782609 10.000000 0.000000 0.000000
5.217391 0.000000 0.000000 0.000000
5.217391 0.555556 0.000000 0.000000
5.217391 1.111111 0.000000 0.000000
5.217391 1.666667 0.000000 0.000000
5.217391 2.222222 0.000000 0.000000
5.217391 2.777778 0.000000 0.000000
5.217391 3.333333 0.000000 0.000000
5.217391 3.888889 0.000000 0.000000
5.217391 4.444444 0.000000 0.000000
5.217391 5.000000 0.000000 0.000000
5.217391 5.555556 0.000000 0.000000
5.217391 6.111111 0.000000 0.000000
5.217391 6.666667 0.000000 0.000000
5.217391 7.222222 0.000000 0.000000
5.217391 7.777778 0.000000 0.000000
5.217391 8.333333 0.000000 0.000000
5.217391 8.888889 0.000000 0.000000
5.217391 9.444444 0.000000 0.000000
5.217391 10.000000 0.000000 0.000000
5.652174 0.000000 0.000000 0.000000
5.652174 0.555556 0.000000 0.000000
5.652174 1.111111 0.000000 0.000000
5.652174 1.666667 0.000000 0.000000
5.652174 2.222222 0.000000 0.000000
5.652174 2.777778 0.000000 0.000000
5.652174 3.333333 0.000000 0.000000
5.652174 3.888889 0.000000 0.000000
5.652174 4.444444 0.000000 0.000000
5.652174 5.000000 0.000000 0.000000
5.652174 5.555556 0.000000 0.000000
5.652174 6.111111 0.000000 0.000000
5.652174 6.666667 0.000000 0.000000
5.652174 7.222222 0.000000 0.000000
5.652174 7.777778 0.000000 0.000000
5.652174 8.333333 0.000000 0.000000
5.652174 8.888889 0.000000 0.000000
5.652174 9.444444 0.000000 0.000000
5.652174 10.000000 0.000000 0.000000
6.086957 0.000000 0.000000 0.000000
6.086957 0.555556 0.000000 0.000000
6.086957 1.111111 0.000000 0.000000
6.086957 1.666667 0.000000 0.000000
6.086957 2.222222 0.000000 0.000000
6.086957 2.777778 0.000000 0.000000
6.086957 3.333333 0.000000 0.000000
6.086957 3.888889 0.000000 0.000000
6.086957 4.444444 0.000000 0.000000
6.086957 5.000000 0.000000 0.000000
6.086957 5.555556 0.000000 0.000000
6.086957 6.111111 0.000000 0.000000
6.086957 6.666667 0.000000 0.000000
6.086957 7.222222 0.000000 0.000000
6.086957 7.777778 0.000000 0.000000
6.086957 8.333333 0.000000 0.000000
6.086957 8.888889 0.000000 0.000000
6.086957 9.444444 0.000000 0.000000
6.086957 10.000000 0.000000 0.000000
6.521739 0.000000 0.000000 0.000000
6.521739 0.555556 0.000000 0.000000
6.521739 1.111111 0.000000 0.000000
6.521739 1.666667 0.000000 0.000000
6.521739 2.222222 0.000000 0.000000
6.521739 2.777778 0.000000 0.000000
6.521739 3.333333 0.000000 0.000000
6.521739 3.888889 0.000000 0.000000
6.521739 4.444444 0.000000 0.000000
6.521739 5.000000 0.000000 0.000000
6.521739 5.555556 0.000000 0.000000
6.521739 6.111111 0.000000 0.000000
6.521739 6.666667 0.000000 0.000000
6.521739 7.222222 0.000000 0.000000
6.521739 7.777778 0.000000 0.000000
6.521739 8.333333 0.000000 0.000000
6.521739 8.888889 0.000000 0.000000
6.521739 9.444444 0.000000 0.000000
6.521739 10.000000 0.000000 0.000000
6.956522 0.000000 0.000000 0.000000
6.956522 0.555556 0.000000 0.000000
6.956522 1.111111 0.000000 0.000000
6.956522 1.666667 0.000000 0.000000
6.956522 2.222222 0.000000 0.000000
6.956522 2.777778 0.000000 0.000000
6.956522 3.333333 0.000000 0.000000
6.956522 3.888889 0.000000 0.000000
6.956522 4.444444 0.000000 0.000000
6.956522 5.000000 0.000000 0.000000
6.956522 5.555556 0.000000 0.000000
6.956522 6.111111 0.000000 0.000000
6.956522 6.666667 0.000000 0.000000
6.956522 7.222222 0.000000 0.000000
6.956522 7.777778 0.000000 0.000000
6.956522 8.333333 0.000000 0.000000
6.956522 8.888889 0.000000 0.000000
6.956522 9.444444 0.000000 0.000000
6.956522 10.000000 0.000000 0.000000
7.391304 0.000000 0.000000 0.000000
7.391304 0.555556 0.000000 0.000000
7.391304 1.111111 0.000000 0.000000
7.391304 1.666667 0.000000 0.000000
7.391304 2.222222 0.000000 0.000000
7.391304 2.777778 0.000000 0.000000
7.391304 3.333333 0.000000 0.000000
7.391304 3.888889 0.000000 0.000000
7.391304 4.444444 0.000000 0.000000
7.391304 5.000000 0.000000 0.000000
7.391304 5.555556 0.000000 0.000000
7.391304 6.111111 0.000000 0.000000
7.391304 6.666667 0.000000 0.000000
7.391304 7.222222 0.000000 0.000000
7.391304 7.777778 0.000000 0.000000
7.391304 8.333333 0.000000 0.000000
7.391304 8.888889 0.000000 0.000000
7.391304 9.444444 0.000000 0.000000
7.391304 10.000000 0.000000 0.000000
7.826087 0.000000 0.000000 0.000000
7.826087 0.555556 0.000000 0.000000
7.826087 1.111111 0.000000 0.000000
7.826087 1.666667 0.000000 0.000000
7.826087 2.222222 0.000000 0.000000
7.826087 2.777778 0.000000 0.000000
7.826087 3.333333 0.000000 0.000000
7.826087 3.888889 0.000000 0.000000
7.826087 4.444444 0.000000 0.000000
7.826087 5.000000 0.000000 0.000000
7.826087 5.555556 0.000000 0.000000
7.826087 6.111111 0.000000 0.000000
7.826087 6.666667 0.000000 0.000000
7.826087 7.222222 0.000000 0.000000
7.826087 7.777778 0.000000 0.000000
7.826087 8.333333 0.000000 0.000000
7.826087 8.888889 0.000000 0.000000
7.826087 9.444444 0.000000 0.000000
7.826087 10.000000 0.000000 0.000000
8.260870 0.000000 0.000000 0.000000
8.260870 0.555556 0.000000 0.000000
8.260870 1.111111 0.000000 0.000000
8.260870 1.666667 0.000000 0.000000
8.260870 2.222222 0.000000 0.000000
8.260870 2.777778 0.000000 0.000000
8.260870 3.333333 0.000000 0.000000
8.260870 3.888889 0.000000 0.000000
8.260870 4.444444 0.000000 0.000000
8.260870 5.000000 0.000000 0.000000
8.260870 5.555556 0.000000 0.000000
8.260870 6.111111 0.000000 0.000000
8.260870 6.666667 0.000000 0.000000
8.260870 7.222222 0.000000 0.000000
8.260870 7.777778 0.000000 0.000000
8.260870 8.333333 0.000000 0.000000
8.260870 8.888889 0.000000 0.000000
8.260870 9.444444 0.000000 0.000000
8.260870 10.000000 0.000000 0.000000
8.695652 0.000000 0.000000 0.000000
8.695652 0.555556 0.000000 0.000000
8.695652 1.111111 0.000000 0.000000
8.695652 1.666667 0.000000 0.000000
8.695652 2.222222 0.000000 0.000000
8.695652 2.777778 0.000000 0.000000
8.695652 3.333333 0.000000 0.000000
8.695652 3.888889 0.000000 0.000000
8.695652 4.444444 0.000000 0.000000
8.695652 5.000000 0.000000 0.000000
8.695652 5.555556 0.000000 0.000000
8.695652 6.111111 0.000000 0.000000
8.695652 6.666667 0.000000 0.000000
8.695652 7.222222 0.000000 0.000000
8.695652 7.777778 0.000000 0.000000
8.695652 8.333333 0.000000 0.000000
8.695652 8.888889 0.000000 0.000000
8.695652 9.444444 0.000000 0.000000
8.695652 10.000000 0.000000 0.000000
9.130435 0.000000 0.000000 0.000000
9.130435 0.555556 0.000000 0.000000
9.130435 1.111111 0.000000 0.000000
9.130435 1.666667 0.000000 0.000000
9.130435 2.222222 0.000000 0.000000
9.130435 2.777778 0.000000 0.000000
9.130435 3.333333 0.000000 0.000000
9.130435 3.888889 0.000000 0.000000
9.130435 4.444444 0.000000 0.000000
9.130435 5.000000 0.000000 0.000000
9.130435 5.555556 0.000000 0.000000
9.130435 6.111111 0.000000 0.000000
9.130435 6.666667 0.000000 0.000000
9.130435 7.222222 0.000000 0.000000
9.130435 7.777778 0.000000 0.000000
9.130435 8.333333 0.000000 0.000000
9.130435 8.888889 0.000000 0.000000
9.130435 9.444444 0.000000 0.000000
9.130435 10.000000 0.000000 0.000000
9.565217 0.000000 0.000000 0.000000
9.565217 0.555556 0.000000 0.000000
9.565217 1.111111 0.000000 0.000000
9.565217 1.666667 0.000000 0.000000
9.565217 2.222222 0.000000 0.000000
9.565217 2.777778 0.000000 0.000000
9.565217 3.333333 0.000000 0.000000
9.565217 3.888889 0.000000 0.000000
9.565217 4.444444 0.000000 0.000000
9.565217 5.000000 0.000000 0.000000
9.565217 5.555556 0.000000 0.000000
9.565217 6.111111 0.000000 0.000000
9.565217 6.666667 0.000000 0.000000
9.565217 7.222222 0.000000 0.000000
9.565217 7.777778 0.000000 0.000000
9.565217 8.333333 0.000000 0.000000
9.565217 8.888889 0.000000 0.000000
9.565217 9.444444 0.000000 0.000000
9.565217 10.000000 0.000000 0.000000
10.000000 0.000000 0.000000 0.000000
10.000000 0.555556 0.000000 0.000000
10.000000 1.111111 0.000000 0.000000
10.000000 1.666667 0.000000 0.000000
10.000000 2.222222 0.000000 0.000000
10.000000 2.777778 0.000000 0.000000
10.000000 3.333333 0.000000 0.000000
10.000000 3.888889 0.000000 0.000000
10.000000 4.444444 0.000000 0.000000
10.000000 5.000000 0.000000 0.000000
10.000000 5.555556 0.000000 0.000000
10.000000 6.111111 0.000000 0.000000
10.000000 6.666667 0.000000 0.000000
10.000000 7.222222 0.000000 0.000000
10.000000 7.777778 0.000000 0.000000
10.000000 8.333333 0.000000 0.000000
10.000000 8.888889 0.000000 0.000000
10.000000 9.444444 0.000000 0.000000
10.000000 10.000000 0.000000 0.000000
