0.000000 0.000000 0.000000 -1.000000
0.000000 0.000000 5.000000 -1.000000
0.000000 0.000000 10.000000 -1.000000
0.000000 0.000000 15.000000 -1.000000
0.000000 0.000000 20.000000 -1.000000
0.000000 3.333333 0.000000 -1.000000
0.000000 3.333333 5.000000 -1.000000
0.000000 3.333333 10.000000 -1.000000
0.000000 3.333333 15.000000 -1.000000
0.000000 3.333333 20.000000 -1.000000
0.000000 6.666667 0.000000 -1.000000
0.000000 6.666667 5.000000 -1.000000
0.000000 6.666667 10.000000 -1.000000
0.000000 6.666667 15.000000 -1.000000
0.000000 6.666667 20.000000 -1.000000
0.000000 10.000000 0.000000 -1.000000
0.000000 10.000000 5.000000 -1.000000
0.000000 10.000000 10.000000 -1.000000
0.000000 10.000000 15.000000 -1.000000
0.000000 10.000000 20.000000 -1.000000
0.000000 13.333333 0.000000 -1.000000
0.000000 13.333333 5.000000 -1.000000
0.000000 13.333333 10.000000 -1.000000
0.000000 13.333333 15.000000 -1.000000
0.000000 13.333333 20.000000 -1.000000
0.000000 16.666667 0.000000 -1.000000
0.000000 16.666667 5.000000 -1.000000
0.000000 16.666667 10.000000 -1.000000
0.000000 16.666667 15.000000 -1.000000
0.000000 16.666667 20.000000 -1.000000
0.000000 20.000000 0.000000 -1.000000
0.000000 20.000000 5.000000 -1.000000
0.000000 20.000000 10.000000 -1.000000
0.000000 20.000000 15.000000 -1.000000
0.000000 20.000000 20.000000 -1.000000
5.000000 0.000000 0.000000 -1.000000
5.000000 0.000000 5.000000 -1.000000
5.000000 0.000000 10.000000 -1.000000
5.000000 0.000000 15.000000 -1.000000
5.000000 0.000000 20.000000 -1.000000
5.000000 3.333333 0.000000 -1.000000
5.000000 3.333333 5.000000 -1.000000
5.000000 3.333333 10.000000 -1.000000
5.000000 3.333333 15.000000 -1.000000
5.000000 3.333333 20.000000 -1.000000
5.000000 6.666667 0.000000 -1.000000
5.000000 6.666667 5.000000 -1.000000
5.000000 6.666667 10.000000 -1.000000
5.000000 6.666667 15.000000 -1.000000
5.000000 6.666667 20.000000 -1.000000
5.000000 10.000000 0.000000 -1.000000
5.000000 10.000000 5.000000 -1.000000
5.000000 10.000000 10.000000 -1.000000
5.000000 10.000000 15.000000 -1.000000
5.000000 10.000000 20.000000 -1.000000
5.000000 13.333333 0.000000 -1.000000
5.000000 13.333333 5.000000 -1.000000
5.000000 13.333333 10.000000 -1.000000
5.000000 13.333333 15.000000 -1.000000
5.000000 13.333333 20.000000 -1.000000
5.000000 16.666667 0.000000 -1.000000
5.000000 16.666667 5.000000 -1.000000
5.000000 16.666667 10.000000 -1.000000
5.000000 16.666667 15.000000 -1.000000
5.000000 16.666667 20.000000 -1.000000
5.000000 20.000000 0.000000 -1.000000
5.000000 20.000000 5.000000 -1.000000
5.000000 20.000000 10.000000 -1.000000
5.000000 20.000000 15.000000 -1.000000
5.000000 20.000000 20.000000 -1.000000
10.000000 0.000000 0.000000 -1.000000
10.000000 0.000000 5.000000 -1.000000
10.000000 0.000000 10.000000 -1.000000
10.000000 0.000000 15.000000 -1.000000
10.000000 0.000000 20.000000 -1.000000
10.000000 3.333333 0.000000 -1.000000
10.000000 3.333333 5.000000 -1.000000
10.000000 3.333333 10.000000 -1.000000
10.000000 3.333333 15.000000 -1.000000
10.000000 3.333333 20.000000 -1.000000
10.000000 6.666667 0.000000 -1.000000
10.000000 6.666667 5.000000 -1.000000
10.000000 6.666667 10.000000 -1.000000
10.000000 6.666667 15.000000 -1.000000
10.000000 6.666667 20.000000 -1.000000
10.000000 10.000000 0.000000 -1.000000
10.000000 10.000000 5.000000 -1.000000
10.000000 10.000000 10.000000 -1.000000
10.000000 10.000000 15.000000 -1.000000
10.000000 10.000000 20.000000 -1.000000
10.000000 13.333333 0.000000 -1.000000
10.000000 13.333333 5.000000 -1.000000
10.000000 13.333333 10.000000 -1.000000
10.000000 13.333333 15.000000 -1.000000
10.000000 13.333333 20.000000 -1.000000
10.000000 16.666667 0.000000 -1.000000
10.000000 16.666667 5.000000 -1.000000
10.000000 16.666667 10.000000 -1.000000
10.000000 16.666667 15.000000 -1.000000
10.000000 16.666667 20.000000 -1.000000
10.000000 20.000000 0.000000 -1.000000
10.000000 20.000000 5.000000 -1.000000
10.000000 20.000000 10.000000 -1.000000
10.000000 20.000000 15.000000 -1.000000
10.000000 20.000000 20.000000 -1.000000
15.000000 0.000000 0.000000 -1.000000
15.000000 0.000000 5.000000 -1.000000
15.000000 0.000000 10.000000 -1.000000
15.000000 0.000000 15.000000 -1.000000
15.000000 0.000000 20.000000 -1.000000
15.000000 3.333333 0.000000 -1.000000
15.000000 3.333333 5.000000 -1.000000
15.000000 3.333333 10.000000 -1.000000
15.000000 3.333333 15.000000 -1.000000
15.000000 3.333333 20.000000 -1.000000
15.000000 6.666667 0.000000 -1.000000
15.000000 6.666667 5.000000 -1.000000
15.000000 6.666667 10.000000 -1.000000
15.000000 6.666667 15.000000 -1.000000
15.000000 6.666667 20.000000 -1.000000
15.000000 10.000000 0.000000 -1.000000
15.000000 10.000000 5.000000 -1.000000
15.000000 10.000000 10.000000 -1.000000
15.000000 10.000000 15.000000 -1.000000
15.000000 10.000000 20.000000 -1.000000
15.000000 13.333333 0.000000 100.000000
15.000000 13.333333 5.000000 100.000000
15.000000 13.333333 10.000000 100.000000
15.000000 13.333333 15.000000 100.000000
15.000000 13.333333 20.000000 100.000000
15.000000 16.666667 0.000000 100.000000
15.000000 16.666667 5.000000 100.000000
15.000000 16.666667 10.000000 100.000000
15.000000 16.666667 15.000000 100.000000
15.000000 16.666667 20.000000 100.000000
15.000000 20.000000 0.000000 100.000000
15.000000 20.000000 5.000000 100.000000
15.000000 20.000000 10.000000 100.000000
15.000000 20.000000 15.000000 100.000000
15.000000 20.000000 20.000000 100.000000
20.000000 0.000000 0.000000 100.000000
20.000000 0.000000 5.000000 100.000000
20.000000 0.000000 10.000000 100.000000
20.000000 0.000000 15.000000 100.000000
20.000000 0.000000 20.000000 100.000000
20.000000 3.333333 0.000000 100.000000
20.000000 3.333333 5.000000 100.000000
20.000000 3.333333 10.000000 100.000000
20.000000 3.333333 15.000000 100.000000
20.000000 3.333333 20.000000 100.000000
20.000000 6.666667 0.000000 0.000000
20.000000 6.666667 5.000000 0.000000
20.000000 6.666667 10.000000 0.000000
20.000000 6.666667 15.000000 0.000000
20.000000 6.666667 20.000000 0.000000
20.000000 10.000000 0.000000 0.000000
20.000000 10.000000 5.000000 0.000000
20.000000 10.000000 10.000000 0.000000
20.000000 10.000000 15.000000 0.000000
20.000000 10.000000 20.000000 0.000000
20.000000 13.333333 0.000000 0.000000
20.000000 13.333333 5.000000 0.000000
20.000000 13.333333 10.000000 0.000000
20.000000 13.333333 15.000000 0.000000
20.000000 13.333333 20.000000 0.000000
20.000000 16.666667 0.000000 0.000000
20.000000 16.666667 5.000000 0.000000
20.000000 16.666667 10.000000 0.000000
20.000000 16.666667 15.000000 0.000000
20.000000 16.666667 20.000000 0.000000
20.000000 20.000000 0.000000 0.000000
20.000000 20.000000 5.000000 0.000000
20.000000 20.000000 10.000000 0.000000
20.000000 20.000000 15.000000 0.000000
20.000000 20.000000 20.000000 0.000000
