0.100000 0.010000 0.100000 -1.000000
0.100000 0.010000 0.200000 -1.000000
0.100000 0.010000 0.300000 -1.000000
0.100000 0.010000 0.400000 -1.000000
0.100000 0.010000 0.500000 -1.000000
0.100000 0.010000 0.600000 -1.000000
0.100000 0.010000 0.700000 -1.000000
0.100000 0.010000 0.800000 -1.000000
0.100000 0.010000 0.900000 -1.000000
0.100000 0.020000 0.100000 -1.000000
0.100000 0.020000 0.200000 -1.000000
0.100000 0.020000 0.300000 -1.000000
0.100000 0.020000 0.400000 -1.000000
0.100000 0.020000 0.500000 -1.000000
0.100000 0.020000 0.600000 -1.000000
0.100000 0.020000 0.700000 -1.000000
0.100000 0.020000 0.800000 -1.000000
0.100000 0.020000 0.900000 -1.000000
0.100000 0.030000 0.100000 -1.000000
0.100000 0.030000 0.200000 -1.000000
0.100000 0.030000 0.300000 -1.000000
0.100000 0.030000 0.400000 -1.000000
0.100000 0.030000 0.500000 -1.000000
0.100000 0.030000 0.600000 -1.000000
0.100000 0.030000 0.700000 -1.000000
0.100000 0.030000 0.800000 -1.000000
0.100000 0.030000 0.900000 -1.000000
0.100000 0.040000 0.100000 -1.000000
0.100000 0.040000 0.200000 -1.000000
0.100000 0.040000 0.300000 -1.000000
0.100000 0.040000 0.400000 -1.000000
0.100000 0.040000 0.500000 -1.000000
0.100000 0.040000 0.600000 -1.000000
0.100000 0.040000 0.700000 -1.000000
0.100000 0.040000 0.800000 -1.000000
0.100000 0.040000 0.900000 -1.000000
0.100000 0.050000 0.100000 -1.000000
0.100000 0.050000 0.200000 -1.000000
0.100000 0.050000 0.300000 -1.000000
0.100000 0.050000 0.400000 -1.000000
0.100000 0.050000 0.500000 -1.000000
0.100000 0.050000 0.600000 -1.000000
0.100000 0.050000 0.700000 -1.000000
0.100000 0.050000 0.800000 -1.000000
0.100000 0.050000 0.900000 -1.000000
0.100000 0.060000 0.100000 -1.000000
0.100000 0.060000 0.200000 -1.000000
0.100000 0.060000 0.300000 -1.000000
0.100000 0.060000 0.400000 -1.000000
0.100000 0.060000 0.500000 -1.000000
0.100000 0.060000 0.600000 -1.000000
0.100000 0.060000 0.700000 -1.000000
0.100000 0.060000 0.800000 -1.000000
0.100000 0.060000 0.900000 -1.000000
0.100000 0.070000 0.100000 -1.000000
0.100000 0.070000 0.200000 -1.000000
0.100000 0.070000 0.300000 -1.000000
0.100000 0.070000 0.400000 -1.000000
0.100000 0.070000 0.500000 -1.000000
0.100000 0.070000 0.600000 -1.000000
0.100000 0.070000 0.700000 -1.000000
0.100000 0.070000 0.800000 -1.000000
0.100000 0.070000 0.900000 -1.000000
0.100000 0.080000 0.100000 -1.000000
0.100000 0.080000 0.200000 -1.000000
0.100000 0.080000 0.300000 -1.000000
0.100000 0.080000 0.400000 -1.000000
0.100000 0.080000 0.500000 -1.000000
0.100000 0.080000 0.600000 -1.000000
0.100000 0.080000 0.700000 -1.000000
0.100000 0.080000 0.800000 -1.000000
0.100000 0.080000 0.900000 -1.000000
0.100000 0.090000 0.100000 -1.000000
0.100000 0.090000 0.200000 -1.000000
0.100000 0.090000 0.300000 -1.000000
0.100000 0.090000 0.400000 -1.000000
0.100000 0.090000 0.500000 -1.000000
0.100000 0.090000 0.600000 -1.000000
0.100000 0.090000 0.700000 -1.000000
0.100000 0.090000 0.800000 -1.000000
0.100000 0.090000 0.900000 -1.000000
0.200000 0.010000 0.100000 -1.000000
0.200000 0.010000 0.200000 -1.000000
0.200000 0.010000 0.300000 -1.000000
0.200000 0.010000 0.400000 -1.000000
0.200000 0.010000 0.500000 -1.000000
0.200000 0.010000 0.600000 -1.000000
0.200000 0.010000 0.700000 -1.000000
0.200000 0.010000 0.800000 -1.000000
0.200000 0.010000 0.900000 -1.000000
0.200000 0.020000 0.100000 -1.000000
0.200000 0.020000 0.200000 -1.000000
0.200000 0.020000 0.300000 -1.000000
0.200000 0.020000 0.400000 -1.000000
0.200000 0.020000 0.500000 -1.000000
0.200000 0.020000 0.600000 -1.000000
0.200000 0.020000 0.700000 -1.000000
0.200000 0.020000 0.800000 -1.000000
0.200000 0.020000 0.900000 -1.000000
0.200000 0.030000 0.100000 -1.000000
0.200000 0.030000 0.200000 -1.000000
0.200000 0.030000 0.300000 -1.000000
0.200000 0.030000 0.400000 -1.000000
0.200000 0.030000 0.500000 -1.000000
0.200000 0.030000 0.600000 -1.000000
0.200000 0.030000 0.700000 -1.000000
0.200000 0.030000 0.800000 -1.000000
0.200000 0.030000 0.900000 -1.000000
0.200000 0.040000 0.100000 -1.000000
0.200000 0.040000 0.200000 -1.000000
0.200000 0.040000 0.300000 -1.000000
0.200000 0.040000 0.400000 -1.000000
0.200000 0.040000 0.500000 -1.000000
0.200000 0.040000 0.600000 -1.000000
0.200000 0.040000 0.700000 -1.000000
0.200000 0.040000 0.800000 -1.000000
0.200000 0.040000 0.900000 -1.000000
0.200000 0.050000 0.100000 -1.000000
0.200000 0.050000 0.200000 -1.000000
0.200000 0.050000 0.300000 -1.000000
0.200000 0.050000 0.400000 -1.000000
0.200000 0.050000 0.500000 -1.000000
0.200000 0.050000 0.600000 -1.000000
0.200000 0.050000 0.700000 -1.000000
0.200000 0.050000 0.800000 -1.000000
0.200000 0.050000 0.900000 -1.000000
0.200000 0.060000 0.100000 -1.000000
0.200000 0.060000 0.200000 -1.000000
0.200000 0.060000 0.300000 -1.000000
0.200000 0.060000 0.400000 -1.000000
0.200000 0.060000 0.500000 -1.000000
0.200000 0.060000 0.600000 -1.000000
0.200000 0.060000 0.700000 -1.000000
0.200000 0.060000 0.800000 -1.000000
0.200000 0.060000 0.900000 -1.000000
0.200000 0.070000 0.100000 -1.000000
0.200000 0.070000 0.200000 -1.000000
0.200000 0.070000 0.300000 -1.000000
0.200000 0.070000 0.400000 -1.000000
0.200000 0.070000 0.500000 -1.000000
0.200000 0.070000 0.600000 -1.000000
0.200000 0.070000 0.700000 -1.000000
0.200000 0.070000 0.800000 -1.000000
0.200000 0.070000 0.900000 -1.000000
0.200000 0.080000 0.100000 -1.000000
0.200000 0.080000 0.200000 -1.000000
0.200000 0.080000 0.300000 -1.000000
0.200000 0.080000 0.400000 -1.000000
0.200000 0.080000 0.500000 -1.000000
0.200000 0.080000 0.600000 -1.000000
0.200000 0.080000 0.700000 -1.000000
0.200000 0.080000 0.800000 -1.000000
0.200000 0.080000 0.900000 -1.000000
0.200000 0.090000 0.100000 -1.000000
0.200000 0.090000 0.200000 -1.000000
0.200000 0.090000 0.300000 -1.000000
0.200000 0.090000 0.400000 -1.000000
0.200000 0.090000 0.500000 -1.000000
0.200000 0.090000 0.600000 -1.000000
0.200000 0.090000 0.700000 -1.000000
0.200000 0.090000 0.800000 -1.000000
0.200000 0.090000 0.900000 -1.000000
0.300000 0.010000 0.100000 -1.000000
0.300000 0.010000 0.200000 -1.000000
0.300000 0.010000 0.300000 -1.000000
0.300000 0.010000 0.400000 -1.000000
0.300000 0.010000 0.500000 -1.000000
0.300000 0.010000 0.600000 -1.000000
0.300000 0.010000 0.700000 -1.000000
0.300000 0.010000 0.800000 -1.000000
0.300000 0.010000 0.900000 -1.000000
0.300000 0.020000 0.100000 -1.000000
0.300000 0.020000 0.200000 -1.000000
0.300000 0.020000 0.300000 -1.000000
0.300000 0.020000 0.400000 -1.000000
0.300000 0.020000 0.500000 -1.000000
0.300000 0.020000 0.600000 -1.000000
0.300000 0.020000 0.700000 -1.000000
0.300000 0.020000 0.800000 -1.000000
0.300000 0.020000 0.900000 -1.000000
0.300000 0.030000 0.100000 -1.000000
0.300000 0.030000 0.200000 -1.000000
0.300000 0.030000 0.300000 -1.000000
0.300000 0.030000 0.400000 -1.000000
0.300000 0.030000 0.500000 -1.000000
0.300000 0.030000 0.600000 -1.000000
0.300000 0.030000 0.700000 -1.000000
0.300000 0.030000 0.800000 -1.000000
0.300000 0.030000 0.900000 -1.000000
0.300000 0.040000 0.100000 -1.000000
0.300000 0.040000 0.200000 -1.000000
0.300000 0.040000 0.300000 -1.000000
0.300000 0.040000 0.400000 -1.000000
0.300000 0.040000 0.500000 -1.000000
0.300000 0.040000 0.600000 -1.000000
0.300000 0.040000 0.700000 -1.000000
0.300000 0.040000 0.800000 -1.000000
0.300000 0.040000 0.900000 -1.000000
0.300000 0.050000 0.100000 -1.000000
0.300000 0.050000 0.200000 -1.000000
0.300000 0.050000 0.300000 -1.000000
0.300000 0.050000 0.400000 -1.000000
0.300000 0.050000 0.500000 -1.000000
0.300000 0.050000 0.600000 -1.000000
0.300000 0.050000 0.700000 -1.000000
0.300000 0.050000 0.800000 -1.000000
0.300000 0.050000 0.900000 -1.000000
0.300000 0.060000 0.100000 -1.000000
0.300000 0.060000 0.200000 -1.000000
0.300000 0.060000 0.300000 -1.000000
0.300000 0.060000 0.400000 -1.000000
0.300000 0.060000 0.500000 -1.000000
0.300000 0.060000 0.600000 -1.000000
0.300000 0.060000 0.700000 -1.000000
0.300000 0.060000 0.800000 -1.000000
0.300000 0.060000 0.900000 -1.000000
0.300000 0.070000 0.100000 -1.000000
0.300000 0.070000 0.200000 -1.000000
0.300000 0.070000 0.300000 -1.000000
0.300000 0.070000 0.400000 -1.000000
0.300000 0.070000 0.500000 -1.000000
0.300000 0.070000 0.600000 -1.000000
0.300000 0.070000 0.700000 -1.000000
0.300000 0.070000 0.800000 -1.000000
0.300000 0.070000 0.900000 -1.000000
0.300000 0.080000 0.100000 -1.000000
0.300000 0.080000 0.200000 -1.000000
0.300000 0.080000 0.300000 -1.000000
0.300000 0.080000 0.400000 -1.000000
0.300000 0.080000 0.500000 -1.000000
0.300000 0.080000 0.600000 -1.000000
0.300000 0.080000 0.700000 -1.000000
0.300000 0.080000 0.800000 -1.000000
0.300000 0.080000 0.900000 -1.000000
0.300000 0.090000 0.100000 -1.000000
0.300000 0.090000 0.200000 -1.000000
0.300000 0.090000 0.300000 -1.000000
0.300000 0.090000 0.400000 -1.000000
0.300000 0.090000 0.500000 -1.000000
0.300000 0.090000 0.600000 -1.000000
0.300000 0.090000 0.700000 -1.000000
0.300000 0.090000 0.800000 -1.000000
0.300000 0.090000 0.900000 -1.000000
0.400000 0.010000 0.100000 -1.000000
0.400000 0.010000 0.200000 -1.000000
0.400000 0.010000 0.300000 -1.000000
0.400000 0.010000 0.400000 -1.000000
0.400000 0.010000 0.500000 -1.000000
0.400000 0.010000 0.600000 -1.000000
0.400000 0.010000 0.700000 -1.000000
0.400000 0.010000 0.800000 -1.000000
0.400000 0.010000 0.900000 -1.000000
0.400000 0.020000 0.100000 -1.000000
0.400000 0.020000 0.200000 -1.000000
0.400000 0.020000 0.300000 -1.000000
0.400000 0.020000 0.400000 -1.000000
0.400000 0.020000 0.500000 -1.000000
0.400000 0.020000 0.600000 -1.000000
0.400000 0.020000 0.700000 -1.000000
0.400000 0.020000 0.800000 -1.000000
0.400000 0.020000 0.900000 -1.000000
0.400000 0.030000 0.100000 -1.000000
0.400000 0.030000 0.200000 -1.000000
0.400000 0.030000 0.300000 -1.000000
0.400000 0.030000 0.400000 -1.000000
0.400000 0.030000 0.500000 -1.000000
0.400000 0.030000 0.600000 -1.000000
0.400000 0.030000 0.700000 -1.000000
0.400000 0.030000 0.800000 -1.000000
0.400000 0.030000 0.900000 -1.000000
0.400000 0.040000 0.100000 -1.000000
0.400000 0.040000 0.200000 -1.000000
0.400000 0.040000 0.300000 -1.000000
0.400000 0.040000 0.400000 -1.000000
0.400000 0.040000 0.500000 -1.000000
0.400000 0.040000 0.600000 -1.000000
0.400000 0.040000 0.700000 -1.000000
0.400000 0.040000 0.800000 -1.000000
0.400000 0.040000 0.900000 -1.000000
0.400000 0.050000 0.100000 -1.000000
0.400000 0.050000 0.200000 -1.000000
0.400000 0.050000 0.300000 -1.000000
0.400000 0.050000 0.400000 -1.000000
0.400000 0.050000 0.500000 -1.000000
0.400000 0.050000 0.600000 -1.000000
0.400000 0.050000 0.700000 -1.000000
0.400000 0.050000 0.800000 -1.000000
0.400000 0.050000 0.900000 -1.000000
0.400000 0.060000 0.100000 -1.000000
0.400000 0.060000 0.200000 -1.000000
0.400000 0.060000 0.300000 -1.000000
0.400000 0.060000 0.400000 -1.000000
0.400000 0.060000 0.500000 -1.000000
0.400000 0.060000 0.600000 -1.000000
0.400000 0.060000 0.700000 -1.000000
0.400000 0.060000 0.800000 -1.000000
0.400000 0.060000 0.900000 -1.000000
0.400000 0.070000 0.100000 -1.000000
0.400000 0.070000 0.200000 -1.000000
0.400000 0.070000 0.300000 -1.000000
0.400000 0.070000 0.400000 -1.000000
0.400000 0.070000 0.500000 -1.000000
0.400000 0.070000 0.600000 -1.000000
0.400000 0.070000 0.700000 -1.000000
0.400000 0.070000 0.800000 -1.000000
0.400000 0.070000 0.900000 -1.000000
0.400000 0.080000 0.100000 -1.000000
0.400000 0.080000 0.200000 -1.000000
0.400000 0.080000 0.300000 -1.000000
0.400000 0.080000 0.400000 -1.000000
0.400000 0.080000 0.500000 -1.000000
0.400000 0.080000 0.600000 -1.000000
0.400000 0.080000 0.700000 -1.000000
0.400000 0.080000 0.800000 -1.000000
0.400000 0.080000 0.900000 -1.000000
0.400000 0.090000 0.100000 -1.000000
0.400000 0.090000 0.200000 -1.000000
0.400000 0.090000 0.300000 -1.000000
0.400000 0.090000 0.400000 -1.000000
0.400000 0.090000 0.500000 -1.000000
0.400000 0.090000 0.600000 -1.000000
0.400000 0.090000 0.700000 -1.000000
0.400000 0.090000 0.800000 -1.000000
0.400000 0.090000 0.900000 -1.000000
0.500000 0.010000 0.100000 -1.000000
0.500000 0.010000 0.200000 -1.000000
0.500000 0.010000 0.300000 -1.000000
0.500000 0.010000 0.400000 -1.000000
0.500000 0.010000 0.500000 -1.000000
0.500000 0.010000 0.600000 -1.000000
0.500000 0.010000 0.700000 -1.000000
0.500000 0.010000 0.800000 -1.000000
0.500000 0.010000 0.900000 -1.000000
0.500000 0.020000 0.100000 -1.000000
0.500000 0.020000 0.200000 -1.000000
0.500000 0.020000 0.300000 -1.000000
0.500000 0.020000 0.400000 -1.000000
0.500000 0.020000 0.500000 -1.000000
0.500000 0.020000 0.600000 -1.000000
0.500000 0.020000 0.700000 -1.000000
0.500000 0.020000 0.800000 -1.000000
0.500000 0.020000 0.900000 -1.000000
0.500000 0.030000 0.100000 -1.000000
0.500000 0.030000 0.200000 -1.000000
0.500000 0.030000 0.300000 -1.000000
0.500000 0.030000 0.400000 -1.000000
0.500000 0.030000 0.500000 -1.000000
0.500000 0.030000 0.600000 -1.000000
0.500000 0.030000 0.700000 -1.000000
0.500000 0.030000 0.800000 -1.000000
0.500000 0.030000 0.900000 -1.000000
0.500000 0.040000 0.100000 -1.000000
0.500000 0.040000 0.200000 -1.000000
0.500000 0.040000 0.300000 -1.000000
0.500000 0.040000 0.400000 -1.000000
0.500000 0.040000 0.500000 -1.000000
0.500000 0.040000 0.600000 -1.000000
0.500000 0.040000 0.700000 -1.000000
0.500000 0.040000 0.800000 -1.000000
0.500000 0.040000 0.900000 -1.000000
0.500000 0.050000 0.100000 -1.000000
0.500000 0.050000 0.200000 -1.000000
0.500000 0.050000 0.300000 -1.000000
0.500000 0.050000 0.400000 -1.000000
0.500000 0.050000 0.500000 -1.000000
0.500000 0.050000 0.600000 -1.000000
0.500000 0.050000 0.700000 -1.000000
0.500000 0.050000 0.800000 -1.000000
0.500000 0.050000 0.900000 -1.000000
0.500000 0.060000 0.100000 -1.000000
0.500000 0.060000 0.200000 -1.000000
0.500000 0.060000 0.300000 -1.000000
0.500000 0.060000 0.400000 -1.000000
0.500000 0.060000 0.500000 -1.000000
0.500000 0.060000 0.600000 -1.000000
0.500000 0.060000 0.700000 -1.000000
0.500000 0.060000 0.800000 -1.000000
0.500000 0.060000 0.900000 -1.000000
0.500000 0.070000 0.100000 -1.000000
0.500000 0.070000 0.200000 -1.000000
0.500000 0.070000 0.300000 -1.000000
0.500000 0.070000 0.400000 -1.000000
0.500000 0.070000 0.500000 -1.000000
0.500000 0.070000 0.600000 -1.000000
0.500000 0.070000 0.700000 -1.000000
0.500000 0.070000 0.800000 -1.000000
0.500000 0.070000 0.900000 -1.000000
0.500000 0.080000 0.100000 -1.000000
0.500000 0.080000 0.200000 -1.000000
0.500000 0.080000 0.300000 -1.000000
0.500000 0.080000 0.400000 -1.000000
0.500000 0.080000 0.500000 -1.000000
0.500000 0.080000 0.600000 -1.000000
0.500000 0.080000 0.700000 -1.000000
0.500000 0.080000 0.800000 -1.000000
0.500000 0.080000 0.900000 -1.000000
0.500000 0.090000 0.100000 -1.000000
0.500000 0.090000 0.200000 -1.000000
0.500000 0.090000 0.300000 -1.000000
0.500000 0.090000 0.400000 -1.000000
0.500000 0.090000 0.500000 -1.000000
0.500000 0.090000 0.600000 -1.000000
0.500000 0.090000 0.700000 -1.000000
0.500000 0.090000 0.800000 -1.000000
0.500000 0.090000 0.900000 -1.000000
0.600000 0.010000 0.100000 -1.000000
0.600000 0.010000 0.200000 -1.000000
0.600000 0.010000 0.300000 -1.000000
0.600000 0.010000 0.400000 -1.000000
0.600000 0.010000 0.500000 -1.000000
0.600000 0.010000 0.600000 -1.000000
0.600000 0.010000 0.700000 -1.000000
0.600000 0.010000 0.800000 -1.000000
0.600000 0.010000 0.900000 -1.000000
0.600000 0.020000 0.100000 -1.000000
0.600000 0.020000 0.200000 -1.000000
0.600000 0.020000 0.300000 -1.000000
0.600000 0.020000 0.400000 -1.000000
0.600000 0.020000 0.500000 -1.000000
0.600000 0.020000 0.600000 -1.000000
0.600000 0.020000 0.700000 -1.000000
0.600000 0.020000 0.800000 -1.000000
0.600000 0.020000 0.900000 -1.000000
0.600000 0.030000 0.100000 -1.000000
0.600000 0.030000 0.200000 -1.000000
0.600000 0.030000 0.300000 -1.000000
0.600000 0.030000 0.400000 -1.000000
0.600000 0.030000 0.500000 -1.000000
0.600000 0.030000 0.600000 -1.000000
0.600000 0.030000 0.700000 -1.000000
0.600000 0.030000 0.800000 -1.000000
0.600000 0.030000 0.900000 -1.000000
0.600000 0.040000 0.100000 -1.000000
0.600000 0.040000 0.200000 -1.000000
0.600000 0.040000 0.300000 -1.000000
0.600000 0.040000 0.400000 -1.000000
0.600000 0.040000 0.500000 -1.000000
0.600000 0.040000 0.600000 -1.000000
0.600000 0.040000 0.700000 -1.000000
0.600000 0.040000 0.800000 -1.000000
0.600000 0.040000 0.900000 -1.000000
0.600000 0.050000 0.100000 -1.000000
0.600000 0.050000 0.200000 -1.000000
0.600000 0.050000 0.300000 -1.000000
0.600000 0.050000 0.400000 -1.000000
0.600000 0.050000 0.500000 -1.000000
0.600000 0.050000 0.600000 -1.000000
0.600000 0.050000 0.700000 -1.000000
0.600000 0.050000 0.800000 -1.000000
0.600000 0.050000 0.900000 -1.000000
0.600000 0.060000 0.100000 -1.000000
0.600000 0.060000 0.200000 -1.000000
0.600000 0.060000 0.300000 -1.000000
0.600000 0.060000 0.400000 -1.000000
0.600000 0.060000 0.500000 -1.000000
0.600000 0.060000 0.600000 -1.000000
0.600000 0.060000 0.700000 -1.000000
0.600000 0.060000 0.800000 -1.000000
0.600000 0.060000 0.900000 -1.000000
0.600000 0.070000 0.100000 -1.000000
0.600000 0.070000 0.200000 -1.000000
0.600000 0.070000 0.300000 -1.000000
0.600000 0.070000 0.400000 -1.000000
0.600000 0.070000 0.500000 -1.000000
0.600000 0.070000 0.600000 -1.000000
0.600000 0.070000 0.700000 -1.000000
0.600000 0.070000 0.800000 -1.000000
0.600000 0.070000 0.900000 -1.000000
0.600000 0.080000 0.100000 -1.000000
0.600000 0.080000 0.200000 -1.000000
0.600000 0.080000 0.300000 -1.000000
0.600000 0.080000 0.400000 -1.000000
0.600000 0.080000 0.500000 -1.000000
0.600000 0.080000 0.600000 -1.000000
0.600000 0.080000 0.700000 -1.000000
0.600000 0.080000 0.800000 -1.000000
0.600000 0.080000 0.900000 -1.000000
0.600000 0.090000 0.100000 -1.000000
0.600000 0.090000 0.200000 -1.000000
0.600000 0.090000 0.300000 -1.000000
0.600000 0.090000 0.400000 -1.000000
0.600000 0.090000 0.500000 -1.000000
0.600000 0.090000 0.600000 -1.000000
0.600000 0.090000 0.700000 -1.000000
0.600000 0.090000 0.800000 -1.000000
0.600000 0.090000 0.900000 -1.000000
0.700000 0.010000 0.100000 -1.000000
0.700000 0.010000 0.200000 -1.000000
0.700000 0.010000 0.300000 -1.000000
0.700000 0.010000 0.400000 -1.000000
0.700000 0.010000 0.500000 -1.000000
0.700000 0.010000 0.600000 -1.000000
0.700000 0.010000 0.700000 -1.000000
0.700000 0.010000 0.800000 -1.000000
0.700000 0.010000 0.900000 -1.000000
0.700000 0.020000 0.100000 -1.000000
0.700000 0.020000 0.200000 -1.000000
0.700000 0.020000 0.300000 -1.000000
0.700000 0.020000 0.400000 -1.000000
0.700000 0.020000 0.500000 -1.000000
0.700000 0.020000 0.600000 -1.000000
0.700000 0.020000 0.700000 -1.000000
0.700000 0.020000 0.800000 -1.000000
0.700000 0.020000 0.900000 -1.000000
0.700000 0.030000 0.100000 -1.000000
0.700000 0.030000 0.200000 -1.000000
0.700000 0.030000 0.300000 -1.000000
0.700000 0.030000 0.400000 -1.000000
0.700000 0.030000 0.500000 -1.000000
0.700000 0.030000 0.600000 -1.000000
0.700000 0.030000 0.700000 -1.000000
0.700000 0.030000 0.800000 -1.000000
0.700000 0.030000 0.900000 -1.000000
0.700000 0.040000 0.100000 -1.000000
0.700000 0.040000 0.200000 -1.000000
0.700000 0.040000 0.300000 -1.000000
0.700000 0.040000 0.400000 -1.000000
0.700000 0.040000 0.500000 -1.000000
0.700000 0.040000 0.600000 -1.000000
0.700000 0.040000 0.700000 -1.000000
0.700000 0.040000 0.800000 -1.000000
0.700000 0.040000 0.900000 -1.000000
0.700000 0.050000 0.100000 -1.000000
0.700000 0.050000 0.200000 -1.000000
0.700000 0.050000 0.300000 -1.000000
0.700000 0.050000 0.400000 -1.000000
0.700000 0.050000 0.500000 -1.000000
0.700000 0.050000 0.600000 -1.000000
0.700000 0.050000 0.700000 -1.000000
0.700000 0.050000 0.800000 -1.000000
0.700000 0.050000 0.900000 -1.000000
0.700000 0.060000 0.100000 -1.000000
0.700000 0.060000 0.200000 -1.000000
0.700000 0.060000 0.300000 -1.000000
0.700000 0.060000 0.400000 -1.000000
0.700000 0.060000 0.500000 -1.000000
0.700000 0.060000 0.600000 -1.000000
0.700000 0.060000 0.700000 -1.000000
0.700000 0.060000 0.800000 -1.000000
0.700000 0.060000 0.900000 -1.000000
0.700000 0.070000 0.100000 -1.000000
0.700000 0.070000 0.200000 -1.000000
0.700000 0.070000 0.300000 -1.000000
0.700000 0.070000 0.400000 -1.000000
0.700000 0.070000 0.500000 -1.000000
0.700000 0.070000 0.600000 -1.000000
0.700000 0.070000 0.700000 -1.000000
0.700000 0.070000 0.800000 -1.000000
0.700000 0.070000 0.900000 -1.000000
0.700000 0.080000 0.100000 -1.000000
0.700000 0.080000 0.200000 -1.000000
0.700000 0.080000 0.300000 -1.000000
0.700000 0.080000 0.400000 -1.000000
0.700000 0.080000 0.500000 -1.000000
0.700000 0.080000 0.600000 -1.000000
0.700000 0.080000 0.700000 -1.000000
0.700000 0.080000 0.800000 -1.000000
0.700000 0.080000 0.900000 -1.000000
0.700000 0.090000 0.100000 -1.000000
0.700000 0.090000 0.200000 -1.000000
0.700000 0.090000 0.300000 -1.000000
0.700000 0.090000 0.400000 -1.000000
0.700000 0.090000 0.500000 -1.000000
0.700000 0.090000 0.600000 -1.000000
0.700000 0.090000 0.700000 -1.000000
0.700000 0.090000 0.800000 -1.000000
0.700000 0.090000 0.900000 -1.000000
0.800000 0.010000 0.100000 -1.000000
0.800000 0.010000 0.200000 -1.000000
0.800000 0.010000 0.300000 -1.000000
0.800000 0.010000 0.400000 -1.000000
0.800000 0.010000 0.500000 -1.000000
0.800000 0.010000 0.600000 -1.000000
0.800000 0.010000 0.700000 -1.000000
0.800000 0.010000 0.800000 -1.000000
0.800000 0.010000 0.900000 -1.000000
0.800000 0.020000 0.100000 -1.000000
0.800000 0.020000 0.200000 -1.000000
0.800000 0.020000 0.300000 -1.000000
0.800000 0.020000 0.400000 -1.000000
0.800000 0.020000 0.500000 -1.000000
0.800000 0.020000 0.600000 -1.000000
0.800000 0.020000 0.700000 -1.000000
0.800000 0.020000 0.800000 -1.000000
0.800000 0.020000 0.900000 -1.000000
0.800000 0.030000 0.100000 -1.000000
0.800000 0.030000 0.200000 -1.000000
0.800000 0.030000 0.300000 -1.000000
0.800000 0.030000 0.400000 -1.000000
0.800000 0.030000 0.500000 -1.000000
0.800000 0.030000 0.600000 -1.000000
0.800000 0.030000 0.700000 -1.000000
0.800000 0.030000 0.800000 -1.000000
0.800000 0.030000 0.900000 -1.000000
0.800000 0.040000 0.100000 -1.000000
0.800000 0.040000 0.200000 -1.000000
0.800000 0.040000 0.300000 -1.000000
0.800000 0.040000 0.400000 -1.000000
0.800000 0.040000 0.500000 -1.000000
0.800000 0.040000 0.600000 -1.000000
0.800000 0.040000 0.700000 -1.000000
0.800000 0.040000 0.800000 -1.000000
0.800000 0.040000 0.900000 -1.000000
0.800000 0.050000 0.100000 -1.000000
0.800000 0.050000 0.200000 -1.000000
0.800000 0.050000 0.300000 -1.000000
0.800000 0.050000 0.400000 -1.000000
0.800000 0.050000 0.500000 -1.000000
0.800000 0.050000 0.600000 -1.000000
0.800000 0.050000 0.700000 -1.000000
0.800000 0.050000 0.800000 -1.000000
0.800000 0.050000 0.900000 -1.000000
0.800000 0.060000 0.100000 -1.000000
0.800000 0.060000 0.200000 -1.000000
0.800000 0.060000 0.300000 -1.000000
0.800000 0.060000 0.400000 -1.000000
0.800000 0.060000 0.500000 -1.000000
0.800000 0.060000 0.600000 -1.000000
0.800000 0.060000 0.700000 -1.000000
0.800000 0.060000 0.800000 -1.000000
0.800000 0.060000 0.900000 -1.000000
0.800000 0.070000 0.100000 -1.000000
0.800000 0.070000 0.200000 -1.000000
0.800000 0.070000 0.300000 -1.000000
0.800000 0.070000 0.400000 -1.000000
0.800000 0.070000 0.500000 -1.000000
0.800000 0.070000 0.600000 -1.000000
0.800000 0.070000 0.700000 -1.000000
0.800000 0.070000 0.800000 -1.000000
0.800000 0.070000 0.900000 -1.000000
0.800000 0.080000 0.100000 -1.000000
0.800000 0.080000 0.200000 -1.000000
0.800000 0.080000 0.300000 -1.000000
0.800000 0.080000 0.400000 -1.000000
0.800000 0.080000 0.500000 -1.000000
0.800000 0.080000 0.600000 -1.000000
0.800000 0.080000 0.700000 -1.000000
0.800000 0.080000 0.800000 -1.000000
0.800000 0.080000 0.900000 -1.000000
0.800000 0.090000 0.100000 -1.000000
0.800000 0.090000 0.200000 -1.000000
0.800000 0.090000 0.300000 -1.000000
0.800000 0.090000 0.400000 -1.000000
0.800000 0.090000 0.500000 -1.000000
0.800000 0.090000 0.600000 -1.000000
0.800000 0.090000 0.700000 -1.000000
0.800000 0.090000 0.800000 -1.000000
0.800000 0.090000 0.900000 -1.000000
0.900000 0.010000 0.100000 -1.000000
0.900000 0.010000 0.200000 -1.000000
0.900000 0.010000 0.300000 -1.000000
0.900000 0.010000 0.400000 -1.000000
0.900000 0.010000 0.500000 -1.000000
0.900000 0.010000 0.600000 -1.000000
0.900000 0.010000 0.700000 -1.000000
0.900000 0.010000 0.800000 -1.000000
0.900000 0.010000 0.900000 -1.000000
0.900000 0.020000 0.100000 -1.000000
0.900000 0.020000 0.200000 -1.000000
0.900000 0.020000 0.300000 -1.000000
0.900000 0.020000 0.400000 -1.000000
0.900000 0.020000 0.500000 -1.000000
0.900000 0.020000 0.600000 -1.000000
0.900000 0.020000 0.700000 -1.000000
0.900000 0.020000 0.800000 -1.000000
0.900000 0.020000 0.900000 -1.000000
0.900000 0.030000 0.100000 -1.000000
0.900000 0.030000 0.200000 -1.000000
0.900000 0.030000 0.300000 -1.000000
0.900000 0.030000 0.400000 -1.000000
0.900000 0.030000 0.500000 -1.000000
0.900000 0.030000 0.600000 -1.000000
0.900000 0.030000 0.700000 -1.000000
0.900000 0.030000 0.800000 -1.000000
0.900000 0.030000 0.900000 -1.000000
0.900000 0.040000 0.100000 -1.000000
0.900000 0.040000 0.200000 -1.000000
0.900000 0.040000 0.300000 -1.000000
0.900000 0.040000 0.400000 -1.000000
0.900000 0.040000 0.500000 -1.000000
0.900000 0.040000 0.600000 -1.000000
0.900000 0.040000 0.700000 -1.000000
0.900000 0.040000 0.800000 -1.000000
0.900000 0.040000 0.900000 -1.000000
0.900000 0.050000 0.100000 -1.000000
0.900000 0.050000 0.200000 -1.000000
0.900000 0.050000 0.300000 -1.000000
0.900000 0.050000 0.400000 -1.000000
0.900000 0.050000 0.500000 -1.000000
0.900000 0.050000 0.600000 -1.000000
0.900000 0.050000 0.700000 -1.000000
0.900000 0.050000 0.800000 -1.000000
0.900000 0.050000 0.900000 -1.000000
0.900000 0.060000 0.100000 -1.000000
0.900000 0.060000 0.200000 -1.000000
0.900000 0.060000 0.300000 -1.000000
0.900000 0.060000 0.400000 -1.000000
0.900000 0.060000 0.500000 -1.000000
0.900000 0.060000 0.600000 -1.000000
0.900000 0.060000 0.700000 -1.000000
0.900000 0.060000 0.800000 -1.000000
0.900000 0.060000 0.900000 -1.000000
0.900000 0.070000 0.100000 -1.000000
0.900000 0.070000 0.200000 -1.000000
0.900000 0.070000 0.300000 -1.000000
0.900000 0.070000 0.400000 -1.000000
0.900000 0.070000 0.500000 -1.000000
0.900000 0.070000 0.600000 -1.000000
0.900000 0.070000 0.700000 -1.000000
0.900000 0.070000 0.800000 -1.000000
0.900000 0.070000 0.900000 -1.000000
0.900000 0.080000 0.100000 -1.000000
0.900000 0.080000 0.200000 -1.000000
0.900000 0.080000 0.300000 -1.000000
0.900000 0.080000 0.400000 -1.000000
0.900000 0.080000 0.500000 -1.000000
0.900000 0.080000 0.600000 -1.000000
0.900000 0.080000 0.700000 -1.000000
0.900000 0.080000 0.800000 -1.000000
0.900000 0.080000 0.900000 -1.000000
0.900000 0.090000 0.100000 -1.000000
0.900000 0.090000 0.200000 -1.000000
0.900000 0.090000 0.300000 -1.000000
0.900000 0.090000 0.400000 -1.000000
0.900000 0.090000 0.500000 -1.000000
0.900000 0.090000 0.600000 -1.000000
0.900000 0.090000 0.700000 -1.000000
0.900000 0.090000 0.800000 -1.000000
0.900000 0.090000 0.900000 -1.000000
0.000000 0.010000 0.000000 -1.000000
0.000000 0.010000 0.100000 -1.000000
0.000000 0.010000 0.200000 -1.000000
0.000000 0.010000 0.300000 -1.000000
0.000000 0.010000 0.400000 -1.000000
0.000000 0.010000 0.500000 -1.000000
0.000000 0.010000 0.600000 -1.000000
0.000000 0.010000 0.700000 -1.000000
0.000000 0.010000 0.800000 -1.000000
0.000000 0.010000 0.900000 -1.000000
0.000000 0.010000 1.000000 -1.000000
0.000000 0.020000 0.000000 -1.000000
0.000000 0.020000 0.100000 -1.000000
0.000000 0.020000 0.200000 -1.000000
0.000000 0.020000 0.300000 -1.000000
0.000000 0.020000 0.400000 -1.000000
0.000000 0.020000 0.500000 -1.000000
0.000000 0.020000 0.600000 -1.000000
0.000000 0.020000 0.700000 -1.000000
0.000000 0.020000 0.800000 -1.000000
0.000000 0.020000 0.900000 -1.000000
0.000000 0.020000 1.000000 -1.000000
0.000000 0.030000 0.000000 -1.000000
0.000000 0.030000 0.100000 -1.000000
0.000000 0.030000 0.200000 -1.000000
0.000000 0.030000 0.300000 -1.000000
0.000000 0.030000 0.400000 -1.000000
0.000000 0.030000 0.500000 -1.000000
0.000000 0.030000 0.600000 -1.000000
0.000000 0.030000 0.700000 -1.000000
0.000000 0.030000 0.800000 -1.000000
0.000000 0.030000 0.900000 -1.000000
0.000000 0.030000 1.000000 -1.000000
0.000000 0.040000 0.000000 -1.000000
0.000000 0.040000 0.100000 -1.000000
0.000000 0.040000 0.200000 -1.000000
0.000000 0.040000 0.300000 -1.000000
0.000000 0.040000 0.400000 -1.000000
0.000000 0.040000 0.500000 -1.000000
0.000000 0.040000 0.600000 -1.000000
0.000000 0.040000 0.700000 -1.000000
0.000000 0.040000 0.800000 -1.000000
0.000000 0.040000 0.900000 -1.000000
0.000000 0.040000 1.000000 -1.000000
0.000000 0.050000 0.000000 -1.000000
0.000000 0.050000 0.100000 -1.000000
0.000000 0.050000 0.200000 -1.000000
0.000000 0.050000 0.300000 -1.000000
0.000000 0.050000 0.400000 -1.000000
0.000000 0.050000 0.500000 -1.000000
0.000000 0.050000 0.600000 -1.000000
0.000000 0.050000 0.700000 -1.000000
0.000000 0.050000 0.800000 -1.000000
0.000000 0.050000 0.900000 -1.000000
0.000000 0.050000 1.000000 -1.000000
0.000000 0.060000 0.000000 -1.000000
0.000000 0.060000 0.100000 -1.000000
0.000000 0.060000 0.200000 -1.000000
0.000000 0.060000 0.300000 -1.000000
0.000000 0.060000 0.400000 -1.000000
0.000000 0.060000 0.500000 -1.000000
0.000000 0.060000 0.600000 -1.000000
0.000000 0.060000 0.700000 -1.000000
0.000000 0.060000 0.800000 -1.000000
0.000000 0.060000 0.900000 -1.000000
0.000000 0.060000 1.000000 -1.000000
0.000000 0.070000 0.000000 -1.000000
0.000000 0.070000 0.100000 -1.000000
0.000000 0.070000 0.200000 -1.000000
0.000000 0.070000 0.300000 -1.000000
0.000000 0.070000 0.400000 -1.000000
0.000000 0.070000 0.500000 -1.000000
0.000000 0.070000 0.600000 -1.000000
0.000000 0.070000 0.700000 -1.000000
0.000000 0.070000 0.800000 -1.000000
0.000000 0.070000 0.900000 -1.000000
0.000000 0.070000 1.000000 -1.000000
0.000000 0.080000 0.000000 -1.000000
0.000000 0.080000 0.100000 -1.000000
0.000000 0.080000 0.200000 -1.000000
0.000000 0.080000 0.300000 -1.000000
0.000000 0.080000 0.400000 -1.000000
0.000000 0.080000 0.500000 -1.000000
0.000000 0.080000 0.600000 -1.000000
0.000000 0.080000 0.700000 -1.000000
0.000000 0.080000 0.800000 -1.000000
0.000000 0.080000 0.900000 -1.000000
0.000000 0.080000 1.000000 -1.000000
0.000000 0.090000 0.000000 -1.000000
0.000000 0.090000 0.100000 -1.000000
0.000000 0.090000 0.200000 -1.000000
0.000000 0.090000 0.300000 -1.000000
0.000000 0.090000 0.400000 -1.000000
0.000000 0.090000 0.500000 -1.000000
0.000000 0.090000 0.600000 -1.000000
0.000000 0.090000 0.700000 -1.000000
0.000000 0.090000 0.800000 -1.000000
0.000000 0.090000 0.900000 -1.000000
0.000000 0.090000 1.000000 -1.000000
0.100000 0.010000 0.000000 -1.000000
0.100000 0.010000 1.000000 -1.000000
0.100000 0.020000 0.000000 -1.000000
0.100000 0.020000 1.000000 -1.000000
0.100000 0.030000 0.000000 -1.000000
0.100000 0.030000 1.000000 -1.000000
0.100000 0.040000 0.000000 -1.000000
0.100000 0.040000 1.000000 -1.000000
0.100000 0.050000 0.000000 -1.000000
0.100000 0.050000 1.000000 -1.000000
0.100000 0.060000 0.000000 -1.000000
0.100000 0.060000 1.000000 -1.000000
0.100000 0.070000 0.000000 -1.000000
0.100000 0.070000 1.000000 -1.000000
0.100000 0.080000 0.000000 -1.000000
0.100000 0.080000 1.000000 -1.000000
0.100000 0.090000 0.000000 -1.000000
0.100000 0.090000 1.000000 -1.000000
0.200000 0.010000 0.000000 -1.000000
0.200000 0.010000 1.000000 -1.000000
0.200000 0.020000 0.000000 -1.000000
0.200000 0.020000 1.000000 -1.000000
0.200000 0.030000 0.000000 -1.000000
0.200000 0.030000 1.000000 -1.000000
0.200000 0.040000 0.000000 -1.000000
0.200000 0.040000 1.000000 -1.000000
0.200000 0.050000 0.000000 -1.000000
0.200000 0.050000 1.000000 -1.000000
0.200000 0.060000 0.000000 -1.000000
0.200000 0.060000 1.000000 -1.000000
0.200000 0.070000 0.000000 -1.000000
0.200000 0.070000 1.000000 -1.000000
0.200000 0.080000 0.000000 -1.000000
0.200000 0.080000 1.000000 -1.000000
0.200000 0.090000 0.000000 -1.000000
0.200000 0.090000 1.000000 -1.000000
0.300000 0.010000 0.000000 -1.000000
0.300000 0.010000 1.000000 -1.000000
0.300000 0.020000 0.000000 -1.000000
0.300000 0.020000 1.000000 -1.000000
0.300000 0.030000 0.000000 -1.000000
0.300000 0.030000 1.000000 -1.000000
0.300000 0.040000 0.000000 -1.000000
0.300000 0.040000 1.000000 -1.000000
0.300000 0.050000 0.000000 -1.000000
0.300000 0.050000 1.000000 -1.000000
0.300000 0.060000 0.000000 -1.000000
0.300000 0.060000 1.000000 -1.000000
0.300000 0.070000 0.000000 -1.000000
0.300000 0.070000 1.000000 -1.000000
0.300000 0.080000 0.000000 -1.000000
0.300000 0.080000 1.000000 -1.000000
0.300000 0.090000 0.000000 -1.000000
0.300000 0.090000 1.000000 -1.000000
0.400000 0.010000 0.000000 -1.000000
0.400000 0.010000 1.000000 -1.000000
0.400000 0.020000 0.000000 -1.000000
0.400000 0.020000 1.000000 -1.000000
0.400000 0.030000 0.000000 -1.000000
0.400000 0.030000 1.000000 -1.000000
0.400000 0.040000 0.000000 -1.000000
0.400000 0.040000 1.000000 -1.000000
0.400000 0.050000 0.000000 -1.000000
0.400000 0.050000 1.000000 -1.000000
0.400000 0.060000 0.000000 -1.000000
0.400000 0.060000 1.000000 -1.000000
0.400000 0.070000 0.000000 -1.000000
0.400000 0.070000 1.000000 -1.000000
0.400000 0.080000 0.000000 -1.000000
0.400000 0.080000 1.000000 -1.000000
0.400000 0.090000 0.000000 -1.000000
0.400000 0.090000 1.000000 -1.000000
0.500000 0.010000 0.000000 -1.000000
0.500000 0.010000 1.000000 -1.000000
0.500000 0.020000 0.000000 -1.000000
0.500000 0.020000 1.000000 -1.000000
0.500000 0.030000 0.000000 -1.000000
0.500000 0.030000 1.000000 -1.000000
0.500000 0.040000 0.000000 -1.000000
0.500000 0.040000 1.000000 -1.000000
0.500000 0.050000 0.000000 -1.000000
0.500000 0.050000 1.000000 -1.000000
0.500000 0.060000 0.000000 -1.000000
0.500000 0.060000 1.000000 -1.000000
0.500000 0.070000 0.000000 -1.000000
0.500000 0.070000 1.000000 -1.000000
0.500000 0.080000 0.000000 -1.000000
0.500000 0.080000 1.000000 -1.000000
0.500000 0.090000 0.000000 -1.000000
0.500000 0.090000 1.000000 -1.000000
0.600000 0.010000 0.000000 -1.000000
0.600000 0.010000 1.000000 -1.000000
0.600000 0.020000 0.000000 -1.000000
0.600000 0.020000 1.000000 -1.000000
0.600000 0.030000 0.000000 -1.000000
0.600000 0.030000 1.000000 -1.000000
0.600000 0.040000 0.000000 -1.000000
0.600000 0.040000 1.000000 -1.000000
0.600000 0.050000 0.000000 -1.000000
0.600000 0.050000 1.000000 -1.000000
0.600000 0.060000 0.000000 -1.000000
0.600000 0.060000 1.000000 -1.000000
0.600000 0.070000 0.000000 -1.000000
0.600000 0.070000 1.000000 -1.000000
0.600000 0.080000 0.000000 -1.000000
0.600000 0.080000 1.000000 -1.000000
0.600000 0.090000 0.000000 -1.000000
0.600000 0.090000 1.000000 -1.000000
0.700000 0.010000 0.000000 -1.000000
0.700000 0.010000 1.000000 -1.000000
0.700000 0.020000 0.000000 -1.000000
0.700000 0.020000 1.000000 -1.000000
0.700000 0.030000 0.000000 -1.000000
0.700000 0.030000 1.000000 -1.000000
0.700000 0.040000 0.000000 -1.000000
0.700000 0.040000 1.000000 -1.000000
0.700000 0.050000 0.000000 -1.000000
0.700000 0.050000 1.000000 -1.000000
0.700000 0.060000 0.000000 -1.000000
0.700000 0.060000 1.000000 -1.000000
0.700000 0.070000 0.000000 -1.000000
0.700000 0.070000 1.000000 -1.000000
0.700000 0.080000 0.000000 -1.000000
0.700000 0.080000 1.000000 -1.000000
0.700000 0.090000 0.000000 -1.000000
0.700000 0.090000 1.000000 -1.000000
0.800000 0.010000 0.000000 -1.000000
0.800000 0.010000 1.000000 -1.000000
0.800000 0.020000 0.000000 -1.000000
0.800000 0.020000 1.000000 -1.000000
0.800000 0.030000 0.000000 -1.000000
0.800000 0.030000 1.000000 -1.000000
0.800000 0.040000 0.000000 -1.000000
0.800000 0.040000 1.000000 -1.000000
0.800000 0.050000 0.000000 -1.000000
0.800000 0.050000 1.000000 -1.000000
0.800000 0.060000 0.000000 -1.000000
0.800000 0.060000 1.000000 -1.000000
0.800000 0.070000 0.000000 -1.000000
0.800000 0.070000 1.000000 -1.000000
0.800000 0.080000 0.000000 -1.000000
0.800000 0.080000 1.000000 -1.000000
0.800000 0.090000 0.000000 -1.000000
0.800000 0.090000 1.000000 -1.000000
0.900000 0.010000 0.000000 -1.000000
0.900000 0.010000 1.000000 -1.000000
0.900000 0.020000 0.000000 -1.000000
0.900000 0.020000 1.000000 -1.000000
0.900000 0.030000 0.000000 -1.000000
0.900000 0.030000 1.000000 -1.000000
0.900000 0.040000 0.000000 -1.000000
0.900000 0.040000 1.000000 -1.000000
0.900000 0.050000 0.000000 -1.000000
0.900000 0.050000 1.000000 -1.000000
0.900000 0.060000 0.000000 -1.000000
0.900000 0.060000 1.000000 -1.000000
0.900000 0.070000 0.000000 -1.000000
0.900000 0.070000 1.000000 -1.000000
0.900000 0.080000 0.000000 -1.000000
0.900000 0.080000 1.000000 -1.000000
0.900000 0.090000 0.000000 -1.000000
0.900000 0.090000 1.000000 -1.000000
1.000000 0.010000 0.000000 -1.000000
1.000000 0.010000 0.100000 -1.000000
1.000000 0.010000 0.200000 -1.000000
1.000000 0.010000 0.300000 -1.000000
1.000000 0.010000 0.400000 -1.000000
1.000000 0.010000 0.500000 -1.000000
1.000000 0.010000 0.600000 -1.000000
1.000000 0.010000 0.700000 -1.000000
1.000000 0.010000 0.800000 -1.000000
1.000000 0.010000 0.900000 -1.000000
1.000000 0.010000 1.000000 -1.000000
1.000000 0.020000 0.000000 -1.000000
1.000000 0.020000 0.100000 -1.000000
1.000000 0.020000 0.200000 -1.000000
1.000000 0.020000 0.300000 -1.000000
1.000000 0.020000 0.400000 -1.000000
1.000000 0.020000 0.500000 -1.000000
1.000000 0.020000 0.600000 -1.000000
1.000000 0.020000 0.700000 -1.000000
1.000000 0.020000 0.800000 -1.000000
1.000000 0.020000 0.900000 -1.000000
1.000000 0.020000 1.000000 -1.000000
1.000000 0.030000 0.000000 -1.000000
1.000000 0.030000 0.100000 -1.000000
1.000000 0.030000 0.200000 -1.000000
1.000000 0.030000 0.300000 -1.000000
1.000000 0.030000 0.400000 -1.000000
1.000000 0.030000 0.500000 -1.000000
1.000000 0.030000 0.600000 -1.000000
1.000000 0.030000 0.700000 -1.000000
1.000000 0.030000 0.800000 -1.000000
1.000000 0.030000 0.900000 -1.000000
1.000000 0.030000 1.000000 -1.000000
1.000000 0.040000 0.000000 -1.000000
1.000000 0.040000 0.100000 -1.000000
1.000000 0.040000 0.200000 -1.000000
1.000000 0.040000 0.300000 -1.000000
1.000000 0.040000 0.400000 -1.000000
1.000000 0.040000 0.500000 -1.000000
1.000000 0.040000 0.600000 -1.000000
1.000000 0.040000 0.700000 -1.000000
1.000000 0.040000 0.800000 -1.000000
1.000000 0.040000 0.900000 -1.000000
1.000000 0.040000 1.000000 -1.000000
1.000000 0.050000 0.000000 -1.000000
1.000000 0.050000 0.100000 -1.000000
1.000000 0.050000 0.200000 -1.000000
1.000000 0.050000 0.300000 -1.000000
1.000000 0.050000 0.400000 -1.000000
1.000000 0.050000 0.500000 -1.000000
1.000000 0.050000 0.600000 -1.000000
1.000000 0.050000 0.700000 -1.000000
1.000000 0.050000 0.800000 -1.000000
1.000000 0.050000 0.900000 -1.000000
1.000000 0.050000 1.000000 -1.000000
1.000000 0.060000 0.000000 -1.000000
1.000000 0.060000 0.100000 -1.000000
1.000000 0.060000 0.200000 -1.000000
1.000000 0.060000 0.300000 -1.000000
1.000000 0.060000 0.400000 -1.000000
1.000000 0.060000 0.500000 -1.000000
1.000000 0.060000 0.600000 -1.000000
1.000000 0.060000 0.700000 -1.000000
1.000000 0.060000 0.800000 -1.000000
1.000000 0.060000 0.900000 -1.000000
1.000000 0.060000 1.000000 -1.000000
1.000000 0.070000 0.000000 -1.000000
1.000000 0.070000 0.100000 -1.000000
1.000000 0.070000 0.200000 -1.000000
1.000000 0.070000 0.300000 -1.000000
1.000000 0.070000 0.400000 -1.000000
1.000000 0.070000 0.500000 -1.000000
1.000000 0.070000 0.600000 -1.000000
1.000000 0.070000 0.700000 -1.000000
1.000000 0.070000 0.800000 -1.000000
1.000000 0.070000 0.900000 -1.000000
1.000000 0.070000 1.000000 -1.000000
1.000000 0.080000 0.000000 -1.000000
1.000000 0.080000 0.100000 -1.000000
1.000000 0.080000 0.200000 -1.000000
1.000000 0.080000 0.300000 -1.000000
1.000000 0.080000 0.400000 -1.000000
1.000000 0.080000 0.500000 -1.000000
1.000000 0.080000 0.600000 -1.000000
1.000000 0.080000 0.700000 -1.000000
1.000000 0.080000 0.800000 -1.000000
1.000000 0.080000 0.900000 -1.000000
1.000000 0.080000 1.000000 -1.000000
1.000000 0.090000 0.000000 -1.000000
1.000000 0.090000 0.100000 -1.000000
1.000000 0.090000 0.200000 -1.000000
1.000000 0.090000 0.300000 -1.000000
1.000000 0.090000 0.400000 -1.000000
1.000000 0.090000 0.500000 -1.000000
1.000000 0.090000 0.600000 -1.000000
1.000000 0.090000 0.700000 -1.000000
1.000000 0.090000 0.800000 -1.000000
1.000000 0.090000 0.900000 -1.000000
1.000000 0.090000 1.000000 -1.000000
0.000000 0.100000 0.000000 100.000000
0.000000 0.100000 0.100000 100.000000
0.000000 0.100000 0.200000 100.000000
0.000000 0.100000 0.300000 100.000000
0.000000 0.100000 0.400000 100.000000
0.000000 0.100000 0.500000 100.000000
0.000000 0.100000 0.600000 100.000000
0.000000 0.100000 0.700000 100.000000
0.000000 0.100000 0.800000 100.000000
0.000000 0.100000 0.900000 100.000000
0.000000 0.100000 1.000000 100.000000
0.100000 0.100000 0.000000 100.000000
0.100000 0.100000 0.100000 100.000000
0.100000 0.100000 0.200000 100.000000
0.100000 0.100000 0.300000 100.000000
0.100000 0.100000 0.400000 100.000000
0.100000 0.100000 0.500000 100.000000
0.100000 0.100000 0.600000 100.000000
0.100000 0.100000 0.700000 100.000000
0.100000 0.100000 0.800000 100.000000
0.100000 0.100000 0.900000 100.000000
0.100000 0.100000 1.000000 100.000000
0.200000 0.100000 0.000000 100.000000
0.200000 0.100000 0.100000 100.000000
0.200000 0.100000 0.200000 100.000000
0.200000 0.100000 0.300000 100.000000
0.200000 0.100000 0.400000 100.000000
0.200000 0.100000 0.500000 100.000000
0.200000 0.100000 0.600000 100.000000
0.200000 0.100000 0.700000 100.000000
0.200000 0.100000 0.800000 100.000000
0.200000 0.100000 0.900000 100.000000
0.200000 0.100000 1.000000 100.000000
0.300000 0.100000 0.000000 100.000000
0.300000 0.100000 0.100000 100.000000
0.300000 0.100000 0.200000 100.000000
0.300000 0.100000 0.300000 100.000000
0.300000 0.100000 0.400000 100.000000
0.300000 0.100000 0.500000 100.000000
0.300000 0.100000 0.600000 100.000000
0.300000 0.100000 0.700000 100.000000
0.300000 0.100000 0.800000 100.000000
0.300000 0.100000 0.900000 100.000000
0.300000 0.100000 1.000000 100.000000
0.400000 0.100000 0.000000 100.000000
0.400000 0.100000 0.100000 100.000000
0.400000 0.100000 0.200000 100.000000
0.400000 0.100000 0.300000 100.000000
0.400000 0.100000 0.400000 100.000000
0.400000 0.100000 0.500000 100.000000
0.400000 0.100000 0.600000 100.000000
0.400000 0.100000 0.700000 100.000000
0.400000 0.100000 0.800000 100.000000
0.400000 0.100000 0.900000 100.000000
0.400000 0.100000 1.000000 100.000000
0.500000 0.100000 0.000000 100.000000
0.500000 0.100000 0.100000 100.000000
0.500000 0.100000 0.200000 100.000000
0.500000 0.100000 0.300000 100.000000
0.500000 0.100000 0.400000 100.000000
0.500000 0.100000 0.500000 100.000000
0.500000 0.100000 0.600000 100.000000
0.500000 0.100000 0.700000 100.000000
0.500000 0.100000 0.800000 100.000000
0.500000 0.100000 0.900000 100.000000
0.500000 0.100000 1.000000 100.000000
0.600000 0.100000 0.000000 100.000000
0.600000 0.100000 0.100000 100.000000
0.600000 0.100000 0.200000 100.000000
0.600000 0.100000 0.300000 100.000000
0.600000 0.100000 0.400000 100.000000
0.600000 0.100000 0.500000 100.000000
0.600000 0.100000 0.600000 100.000000
0.600000 0.100000 0.700000 100.000000
0.600000 0.100000 0.800000 100.000000
0.600000 0.100000 0.900000 100.000000
0.600000 0.100000 1.000000 100.000000
0.700000 0.100000 0.000000 100.000000
0.700000 0.100000 0.100000 100.000000
0.700000 0.100000 0.200000 100.000000
0.700000 0.100000 0.300000 100.000000
0.700000 0.100000 0.400000 100.000000
0.700000 0.100000 0.500000 100.000000
0.700000 0.100000 0.600000 100.000000
0.700000 0.100000 0.700000 100.000000
0.700000 0.100000 0.800000 100.000000
0.700000 0.100000 0.900000 100.000000
0.700000 0.100000 1.000000 100.000000
0.800000 0.100000 0.000000 100.000000
0.800000 0.100000 0.100000 100.000000
0.800000 0.100000 0.200000 100.000000
0.800000 0.100000 0.300000 100.000000
0.800000 0.100000 0.400000 100.000000
0.800000 0.100000 0.500000 100.000000
0.800000 0.100000 0.600000 100.000000
0.800000 0.100000 0.700000 100.000000
0.800000 0.100000 0.800000 100.000000
0.800000 0.100000 0.900000 100.000000
0.800000 0.100000 1.000000 100.000000
0.900000 0.100000 0.000000 100.000000
0.900000 0.100000 0.100000 100.000000
0.900000 0.100000 0.200000 100.000000
0.900000 0.100000 0.300000 100.000000
0.900000 0.100000 0.400000 100.000000
0.900000 0.100000 0.500000 100.000000
0.900000 0.100000 0.600000 100.000000
0.900000 0.100000 0.700000 100.000000
0.900000 0.100000 0.800000 100.000000
0.900000 0.100000 0.900000 100.000000
0.900000 0.100000 1.000000 100.000000
1.000000 0.100000 0.000000 100.000000
1.000000 0.100000 0.100000 100.000000
1.000000 0.100000 0.200000 100.000000
1.000000 0.100000 0.300000 100.000000
1.000000 0.100000 0.400000 100.000000
1.000000 0.100000 0.500000 100.000000
1.000000 0.100000 0.600000 100.000000
1.000000 0.100000 0.700000 100.000000
1.000000 0.100000 0.800000 100.000000
1.000000 0.100000 0.900000 100.000000
1.000000 0.100000 1.000000 100.000000
0.000000 0.000000 0.000000 0.000000
0.000000 0.000000 0.100000 0.000000
0.000000 0.000000 0.200000 0.000000
0.000000 0.000000 0.300000 0.000000
0.000000 0.000000 0.400000 0.000000
0.000000 0.000000 0.500000 0.000000
0.000000 0.000000 0.600000 0.000000
0.000000 0.000000 0.700000 0.000000
0.000000 0.000000 0.800000 0.000000
0.000000 0.000000 0.900000 0.000000
0.000000 0.000000 1.000000 0.000000
0.100000 0.000000 0.000000 0.000000
0.100000 0.000000 0.100000 0.000000
0.100000 0.000000 0.200000 0.000000
0.100000 0.000000 0.300000 0.000000
0.100000 0.000000 0.400000 0.000000
0.100000 0.000000 0.500000 0.000000
0.100000 0.000000 0.600000 0.000000
0.100000 0.000000 0.700000 0.000000
0.100000 0.000000 0.800000 0.000000
0.100000 0.000000 0.900000 0.000000
0.100000 0.000000 1.000000 0.000000
0.200000 0.000000 0.000000 0.000000
0.200000 0.000000 0.100000 0.000000
0.200000 0.000000 0.200000 0.000000
0.200000 0.000000 0.300000 0.000000
0.200000 0.000000 0.400000 0.000000
0.200000 0.000000 0.500000 0.000000
0.200000 0.000000 0.600000 0.000000
0.200000 0.000000 0.700000 0.000000
0.200000 0.000000 0.800000 0.000000
0.200000 0.000000 0.900000 0.000000
0.200000 0.000000 1.000000 0.000000
0.300000 0.000000 0.000000 0.000000
0.300000 0.000000 0.100000 0.000000
0.300000 0.000000 0.200000 0.000000
0.300000 0.000000 0.300000 0.000000
0.300000 0.000000 0.400000 0.000000
0.300000 0.000000 0.500000 0.000000
0.300000 0.000000 0.600000 0.000000
0.300000 0.000000 0.700000 0.000000
0.300000 0.000000 0.800000 0.000000
0.300000 0.000000 0.900000 0.000000
0.300000 0.000000 1.000000 0.000000
0.400000 0.000000 0.000000 0.000000
0.400000 0.000000 0.100000 0.000000
0.400000 0.000000 0.200000 0.000000
0.400000 0.000000 0.300000 0.000000
0.400000 0.000000 0.400000 0.000000
0.400000 0.000000 0.500000 0.000000
0.400000 0.000000 0.600000 0.000000
0.400000 0.000000 0.700000 0.000000
0.400000 0.000000 0.800000 0.000000
0.400000 0.000000 0.900000 0.000000
0.400000 0.000000 1.000000 0.000000
0.500000 0.000000 0.000000 0.000000
0.500000 0.000000 0.100000 0.000000
0.500000 0.000000 0.200000 0.000000
0.500000 0.000000 0.300000 0.000000
0.500000 0.000000 0.400000 0.000000
0.500000 0.000000 0.500000 0.000000
0.500000 0.000000 0.600000 0.000000
0.500000 0.000000 0.700000 0.000000
0.500000 0.000000 0.800000 0.000000
0.500000 0.000000 0.900000 0.000000
0.500000 0.000000 1.000000 0.000000
0.600000 0.000000 0.000000 0.000000
0.600000 0.000000 0.100000 0.000000
0.600000 0.000000 0.200000 0.000000
0.600000 0.000000 0.300000 0.000000
0.600000 0.000000 0.400000 0.000000
0.600000 0.000000 0.500000 0.000000
0.600000 0.000000 0.600000 0.000000
0.600000 0.000000 0.700000 0.000000
0.600000 0.000000 0.800000 0.000000
0.600000 0.000000 0.900000 0.000000
0.600000 0.000000 1.000000 0.000000
0.700000 0.000000 0.000000 0.000000
0.700000 0.000000 0.100000 0.000000
0.700000 0.000000 0.200000 0.000000
0.700000 0.000000 0.300000 0.000000
0.700000 0.000000 0.400000 0.000000
0.700000 0.000000 0.500000 0.000000
0.700000 0.000000 0.600000 0.000000
0.700000 0.000000 0.700000 0.000000
0.700000 0.000000 0.800000 0.000000
0.700000 0.000000 0.900000 0.000000
0.700000 0.000000 1.000000 0.000000
0.800000 0.000000 0.000000 0.000000
0.800000 0.000000 0.100000 0.000000
0.800000 0.000000 0.200000 0.000000
0.800000 0.000000 0.300000 0.000000
0.800000 0.000000 0.400000 0.000000
0.800000 0.000000 0.500000 0.000000
0.800000 0.000000 0.600000 0.000000
0.800000 0.000000 0.700000 0.000000
0.800000 0.000000 0.800000 0.000000
0.800000 0.000000 0.900000 0.000000
0.800000 0.000000 1.000000 0.000000
0.900000 0.000000 0.000000 0.000000
0.900000 0.000000 0.100000 0.000000
0.900000 0.000000 0.200000 0.000000
0.900000 0.000000 0.300000 0.000000
0.900000 0.000000 0.400000 0.000000
0.900000 0.000000 0.500000 0.000000
0.900000 0.000000 0.600000 0.000000
0.900000 0.000000 0.700000 0.000000
0.900000 0.000000 0.800000 0.000000
0.900000 0.000000 0.900000 0.000000
0.900000 0.000000 1.000000 0.000000
1.000000 0.000000 0.000000 0.000000
1.000000 0.000000 0.100000 0.000000
1.000000 0.000000 0.200000 0.000000
1.000000 0.000000 0.300000 0.000000
1.000000 0.000000 0.400000 0.000000
1.000000 0.000000 0.500000 0.000000
1.000000 0.000000 0.600000 0.000000
1.000000 0.000000 0.700000 0.000000
1.000000 0.000000 0.800000 0.000000
1.000000 0.000000 0.900000 0.000000
1.000000 0.000000 1.000000 0.000000
