0.090909 0.010000 0.090909 -1.000000
0.090909 0.010000 0.181818 -1.000000
0.090909 0.010000 0.272727 -1.000000
0.090909 0.010000 0.363636 -1.000000
0.090909 0.010000 0.454545 -1.000000
0.090909 0.010000 0.545455 -1.000000
0.090909 0.010000 0.636364 -1.000000
0.090909 0.010000 0.727273 -1.000000
0.090909 0.010000 0.818182 -1.000000
0.090909 0.010000 0.909091 -1.000000
0.090909 0.020000 0.090909 -1.000000
0.090909 0.020000 0.181818 -1.000000
0.090909 0.020000 0.272727 -1.000000
0.090909 0.020000 0.363636 -1.000000
0.090909 0.020000 0.454545 -1.000000
0.090909 0.020000 0.545455 -1.000000
0.090909 0.020000 0.636364 -1.000000
0.090909 0.020000 0.727273 -1.000000
0.090909 0.020000 0.818182 -1.000000
0.090909 0.020000 0.909091 -1.000000
0.090909 0.030000 0.090909 -1.000000
0.090909 0.030000 0.181818 -1.000000
0.090909 0.030000 0.272727 -1.000000
0.090909 0.030000 0.363636 -1.000000
0.090909 0.030000 0.454545 -1.000000
0.090909 0.030000 0.545455 -1.000000
0.090909 0.030000 0.636364 -1.000000
0.090909 0.030000 0.727273 -1.000000
0.090909 0.030000 0.818182 -1.000000
0.090909 0.030000 0.909091 -1.000000
0.090909 0.040000 0.090909 -1.000000
0.090909 0.040000 0.181818 -1.000000
0.090909 0.040000 0.272727 -1.000000
0.090909 0.040000 0.363636 -1.000000
0.090909 0.040000 0.454545 -1.000000
0.090909 0.040000 0.545455 -1.000000
0.090909 0.040000 0.636364 -1.000000
0.090909 0.040000 0.727273 -1.000000
0.090909 0.040000 0.818182 -1.000000
0.090909 0.040000 0.909091 -1.000000
0.090909 0.050000 0.090909 -1.000000
0.090909 0.050000 0.181818 -1.000000
0.090909 0.050000 0.272727 -1.000000
0.090909 0.050000 0.363636 -1.000000
0.090909 0.050000 0.454545 -1.000000
0.090909 0.050000 0.545455 -1.000000
0.090909 0.050000 0.636364 -1.000000
0.090909 0.050000 0.727273 -1.000000
0.090909 0.050000 0.818182 -1.000000
0.090909 0.050000 0.909091 -1.000000
0.090909 0.060000 0.090909 -1.000000
0.090909 0.060000 0.181818 -1.000000
0.090909 0.060000 0.272727 -1.000000
0.090909 0.060000 0.363636 -1.000000
0.090909 0.060000 0.454545 -1.000000
0.090909 0.060000 0.545455 -1.000000
0.090909 0.060000 0.636364 -1.000000
0.090909 0.060000 0.727273 -1.000000
0.090909 0.060000 0.818182 -1.000000
0.090909 0.060000 0.909091 -1.000000
0.090909 0.070000 0.090909 -1.000000
0.090909 0.070000 0.181818 -1.000000
0.090909 0.070000 0.272727 -1.000000
0.090909 0.070000 0.363636 -1.000000
0.090909 0.070000 0.454545 -1.000000
0.090909 0.070000 0.545455 -1.000000
0.090909 0.070000 0.636364 -1.000000
0.090909 0.070000 0.727273 -1.000000
0.090909 0.070000 0.818182 -1.000000
0.090909 0.070000 0.909091 -1.000000
0.090909 0.080000 0.090909 -1.000000
0.090909 0.080000 0.181818 -1.000000
0.090909 0.080000 0.272727 -1.000000
0.090909 0.080000 0.363636 -1.000000
0.090909 0.080000 0.454545 -1.000000
0.090909 0.080000 0.545455 -1.000000
0.090909 0.080000 0.636364 -1.000000
0.090909 0.080000 0.727273 -1.000000
0.090909 0.080000 0.818182 -1.000000
0.090909 0.080000 0.909091 -1.000000
0.090909 0.090000 0.090909 -1.000000
0.090909 0.090000 0.181818 -1.000000
0.090909 0.090000 0.272727 -1.000000
0.090909 0.090000 0.363636 -1.000000
0.090909 0.090000 0.454545 -1.000000
0.090909 0.090000 0.545455 -1.000000
0.090909 0.090000 0.636364 -1.000000
0.090909 0.090000 0.727273 -1.000000
0.090909 0.090000 0.818182 -1.000000
0.090909 0.090000 0.909091 -1.000000
0.181818 0.010000 0.090909 -1.000000
0.181818 0.010000 0.181818 -1.000000
0.181818 0.010000 0.272727 -1.000000
0.181818 0.010000 0.363636 -1.000000
0.181818 0.010000 0.454545 -1.000000
0.181818 0.010000 0.545455 -1.000000
0.181818 0.010000 0.636364 -1.000000
0.181818 0.010000 0.727273 -1.000000
0.181818 0.010000 0.818182 -1.000000
0.181818 0.010000 0.909091 -1.000000
0.181818 0.020000 0.090909 -1.000000
0.181818 0.020000 0.181818 -1.000000
0.181818 0.020000 0.272727 -1.000000
0.181818 0.020000 0.363636 -1.000000
0.181818 0.020000 0.454545 -1.000000
0.181818 0.020000 0.545455 -1.000000
0.181818 0.020000 0.636364 -1.000000
0.181818 0.020000 0.727273 -1.000000
0.181818 0.020000 0.818182 -1.000000
0.181818 0.020000 0.909091 -1.000000
0.181818 0.030000 0.090909 -1.000000
0.181818 0.030000 0.181818 -1.000000
0.181818 0.030000 0.272727 -1.000000
0.181818 0.030000 0.363636 -1.000000
0.181818 0.030000 0.454545 -1.000000
0.181818 0.030000 0.545455 -1.000000
0.181818 0.030000 0.636364 -1.000000
0.181818 0.030000 0.727273 -1.000000
0.181818 0.030000 0.818182 -1.000000
0.181818 0.030000 0.909091 -1.000000
0.181818 0.040000 0.090909 -1.000000
0.181818 0.040000 0.181818 -1.000000
0.181818 0.040000 0.272727 -1.000000
0.181818 0.040000 0.363636 -1.000000
0.181818 0.040000 0.454545 -1.000000
0.181818 0.040000 0.545455 -1.000000
0.181818 0.040000 0.636364 -1.000000
0.181818 0.040000 0.727273 -1.000000
0.181818 0.040000 0.818182 -1.000000
0.181818 0.040000 0.909091 -1.000000
0.181818 0.050000 0.090909 -1.000000
0.181818 0.050000 0.181818 -1.000000
0.181818 0.050000 0.272727 -1.000000
0.181818 0.050000 0.363636 -1.000000
0.181818 0.050000 0.454545 -1.000000
0.181818 0.050000 0.545455 -1.000000
0.181818 0.050000 0.636364 -1.000000
0.181818 0.050000 0.727273 -1.000000
0.181818 0.050000 0.818182 -1.000000
0.181818 0.050000 0.909091 -1.000000
0.181818 0.060000 0.090909 -1.000000
0.181818 0.060000 0.181818 -1.000000
0.181818 0.060000 0.272727 -1.000000
0.181818 0.060000 0.363636 -1.000000
0.181818 0.060000 0.454545 -1.000000
0.181818 0.060000 0.545455 -1.000000
0.181818 0.060000 0.636364 -1.000000
0.181818 0.060000 0.727273 -1.000000
0.181818 0.060000 0.818182 -1.000000
0.181818 0.060000 0.909091 -1.000000
0.181818 0.070000 0.090909 -1.000000
0.181818 0.070000 0.181818 -1.000000
0.181818 0.070000 0.272727 -1.000000
0.181818 0.070000 0.363636 -1.000000
0.181818 0.070000 0.454545 -1.000000
0.181818 0.070000 0.545455 -1.000000
0.181818 0.070000 0.636364 -1.000000
0.181818 0.070000 0.727273 -1.000000
0.181818 0.070000 0.818182 -1.000000
0.181818 0.070000 0.909091 -1.000000
0.181818 0.080000 0.090909 -1.000000
0.181818 0.080000 0.181818 -1.000000
0.181818 0.080000 0.272727 -1.000000
0.181818 0.080000 0.363636 -1.000000
0.181818 0.080000 0.454545 -1.000000
0.181818 0.080000 0.545455 -1.000000
0.181818 0.080000 0.636364 -1.000000
0.181818 0.080000 0.727273 -1.000000
0.181818 0.080000 0.818182 -1.000000
0.181818 0.080000 0.909091 -1.000000
0.181818 0.090000 0.090909 -1.000000
0.181818 0.090000 0.181818 -1.000000
0.181818 0.090000 0.272727 -1.000000
0.181818 0.090000 0.363636 -1.000000
0.181818 0.090000 0.454545 -1.000000
0.181818 0.090000 0.545455 -1.000000
0.181818 0.090000 0.636364 -1.000000
0.181818 0.090000 0.727273 -1.000000
0.181818 0.090000 0.818182 -1.000000
0.181818 0.090000 0.909091 -1.000000
0.272727 0.010000 0.090909 -1.000000
0.272727 0.010000 0.181818 -1.000000
0.272727 0.010000 0.272727 -1.000000
0.272727 0.010000 0.363636 -1.000000
0.272727 0.010000 0.454545 -1.000000
0.272727 0.010000 0.545455 -1.000000
0.272727 0.010000 0.636364 -1.000000
0.272727 0.010000 0.727273 -1.000000
0.272727 0.010000 0.818182 -1.000000
0.272727 0.010000 0.909091 -1.000000
0.272727 0.020000 0.090909 -1.000000
0.272727 0.020000 0.181818 -1.000000
0.272727 0.020000 0.272727 -1.000000
0.272727 0.020000 0.363636 -1.000000
0.272727 0.020000 0.454545 -1.000000
0.272727 0.020000 0.545455 -1.000000
0.272727 0.020000 0.636364 -1.000000
0.272727 0.020000 0.727273 -1.000000
0.272727 0.020000 0.818182 -1.000000
0.272727 0.020000 0.909091 -1.000000
0.272727 0.030000 0.090909 -1.000000
0.272727 0.030000 0.181818 -1.000000
0.272727 0.030000 0.272727 -1.000000
0.272727 0.030000 0.363636 -1.000000
0.272727 0.030000 0.454545 -1.000000
0.272727 0.030000 0.545455 -1.000000
0.272727 0.030000 0.636364 -1.000000
0.272727 0.030000 0.727273 -1.000000
0.272727 0.030000 0.818182 -1.000000
0.272727 0.030000 0.909091 -1.000000
0.272727 0.040000 0.090909 -1.000000
0.272727 0.040000 0.181818 -1.000000
0.272727 0.040000 0.272727 -1.000000
0.272727 0.040000 0.363636 -1.000000
0.272727 0.040000 0.454545 -1.000000
0.272727 0.040000 0.545455 -1.000000
0.272727 0.040000 0.636364 -1.000000
0.272727 0.040000 0.727273 -1.000000
0.272727 0.040000 0.818182 -1.000000
0.272727 0.040000 0.909091 -1.000000
0.272727 0.050000 0.090909 -1.000000
0.272727 0.050000 0.181818 -1.000000
0.272727 0.050000 0.272727 -1.000000
0.272727 0.050000 0.363636 -1.000000
0.272727 0.050000 0.454545 -1.000000
0.272727 0.050000 0.545455 -1.000000
0.272727 0.050000 0.636364 -1.000000
0.272727 0.050000 0.727273 -1.000000
0.272727 0.050000 0.818182 -1.000000
0.272727 0.050000 0.909091 -1.000000
0.272727 0.060000 0.090909 -1.000000
0.272727 0.060000 0.181818 -1.000000
0.272727 0.060000 0.272727 -1.000000
0.272727 0.060000 0.363636 -1.000000
0.272727 0.060000 0.454545 -1.000000
0.272727 0.060000 0.545455 -1.000000
0.272727 0.060000 0.636364 -1.000000
0.272727 0.060000 0.727273 -1.000000
0.272727 0.060000 0.818182 -1.000000
0.272727 0.060000 0.909091 -1.000000
0.272727 0.070000 0.090909 -1.000000
0.272727 0.070000 0.181818 -1.000000
0.272727 0.070000 0.272727 -1.000000
0.272727 0.070000 0.363636 -1.000000
0.272727 0.070000 0.454545 -1.000000
0.272727 0.070000 0.545455 -1.000000
0.272727 0.070000 0.636364 -1.000000
0.272727 0.070000 0.727273 -1.000000
0.272727 0.070000 0.818182 -1.000000
0.272727 0.070000 0.909091 -1.000000
0.272727 0.080000 0.090909 -1.000000
0.272727 0.080000 0.181818 -1.000000
0.272727 0.080000 0.272727 -1.000000
0.272727 0.080000 0.363636 -1.000000
0.272727 0.080000 0.454545 -1.000000
0.272727 0.080000 0.545455 -1.000000
0.272727 0.080000 0.636364 -1.000000
0.272727 0.080000 0.727273 -1.000000
0.272727 0.080000 0.818182 -1.000000
0.272727 0.080000 0.909091 -1.000000
0.272727 0.090000 0.090909 -1.000000
0.272727 0.090000 0.181818 -1.000000
0.272727 0.090000 0.272727 -1.000000
0.272727 0.090000 0.363636 -1.000000
0.272727 0.090000 0.454545 -1.000000
0.272727 0.090000 0.545455 -1.000000
0.272727 0.090000 0.636364 -1.000000
0.272727 0.090000 0.727273 -1.000000
0.272727 0.090000 0.818182 -1.000000
0.272727 0.090000 0.909091 -1.000000
0.363636 0.010000 0.090909 -1.000000
0.363636 0.010000 0.181818 -1.000000
0.363636 0.010000 0.272727 -1.000000
0.363636 0.010000 0.363636 -1.000000
0.363636 0.010000 0.454545 -1.000000
0.363636 0.010000 0.545455 -1.000000
0.363636 0.010000 0.636364 -1.000000
0.363636 0.010000 0.727273 -1.000000
0.363636 0.010000 0.818182 -1.000000
0.363636 0.010000 0.909091 -1.000000
0.363636 0.020000 0.090909 -1.000000
0.363636 0.020000 0.181818 -1.000000
0.363636 0.020000 0.272727 -1.000000
0.363636 0.020000 0.363636 -1.000000
0.363636 0.020000 0.454545 -1.000000
0.363636 0.020000 0.545455 -1.000000
0.363636 0.020000 0.636364 -1.000000
0.363636 0.020000 0.727273 -1.000000
0.363636 0.020000 0.818182 -1.000000
0.363636 0.020000 0.909091 -1.000000
0.363636 0.030000 0.090909 -1.000000
0.363636 0.030000 0.181818 -1.000000
0.363636 0.030000 0.272727 -1.000000
0.363636 0.030000 0.363636 -1.000000
0.363636 0.030000 0.454545 -1.000000
0.363636 0.030000 0.545455 -1.000000
0.363636 0.030000 0.636364 -1.000000
0.363636 0.030000 0.727273 -1.000000
0.363636 0.030000 0.818182 -1.000000
0.363636 0.030000 0.909091 -1.000000
0.363636 0.040000 0.090909 -1.000000
0.363636 0.040000 0.181818 -1.000000
0.363636 0.040000 0.272727 -1.000000
0.363636 0.040000 0.363636 -1.000000
0.363636 0.040000 0.454545 -1.000000
0.363636 0.040000 0.545455 -1.000000
0.363636 0.040000 0.636364 -1.000000
0.363636 0.040000 0.727273 -1.000000
0.363636 0.040000 0.818182 -1.000000
0.363636 0.040000 0.909091 -1.000000
0.363636 0.050000 0.090909 -1.000000
0.363636 0.050000 0.181818 -1.000000
0.363636 0.050000 0.272727 -1.000000
0.363636 0.050000 0.363636 -1.000000
0.363636 0.050000 0.454545 -1.000000
0.363636 0.050000 0.545455 -1.000000
0.363636 0.050000 0.636364 -1.000000
0.363636 0.050000 0.727273 -1.000000
0.363636 0.050000 0.818182 -1.000000
0.363636 0.050000 0.909091 -1.000000
0.363636 0.060000 0.090909 -1.000000
0.363636 0.060000 0.181818 -1.000000
0.363636 0.060000 0.272727 -1.000000
0.363636 0.060000 0.363636 -1.000000
0.363636 0.060000 0.454545 -1.000000
0.363636 0.060000 0.545455 -1.000000
0.363636 0.060000 0.636364 -1.000000
0.363636 0.060000 0.727273 -1.000000
0.363636 0.060000 0.818182 -1.000000
0.363636 0.060000 0.909091 -1.000000
0.363636 0.070000 0.090909 -1.000000
0.363636 0.070000 0.181818 -1.000000
0.363636 0.070000 0.272727 -1.000000
0.363636 0.070000 0.363636 -1.000000
0.363636 0.070000 0.454545 -1.000000
0.363636 0.070000 0.545455 -1.000000
0.363636 0.070000 0.636364 -1.000000
0.363636 0.070000 0.727273 -1.000000
0.363636 0.070000 0.818182 -1.000000
0.363636 0.070000 0.909091 -1.000000
0.363636 0.080000 0.090909 -1.000000
0.363636 0.080000 0.181818 -1.000000
0.363636 0.080000 0.272727 -1.000000
0.363636 0.080000 0.363636 -1.000000
0.363636 0.080000 0.454545 -1.000000
0.363636 0.080000 0.545455 -1.000000
0.363636 0.080000 0.636364 -1.000000
0.363636 0.080000 0.727273 -1.000000
0.363636 0.080000 0.818182 -1.000000
0.363636 0.080000 0.909091 -1.000000
0.363636 0.090000 0.090909 -1.000000
0.363636 0.090000 0.181818 -1.000000
0.363636 0.090000 0.272727 -1.000000
0.363636 0.090000 0.363636 -1.000000
0.363636 0.090000 0.454545 -1.000000
0.363636 0.090000 0.545455 -1.000000
0.363636 0.090000 0.636364 -1.000000
0.363636 0.090000 0.727273 -1.000000
0.363636 0.090000 0.818182 -1.000000
0.363636 0.090000 0.909091 -1.000000
0.454545 0.010000 0.090909 -1.000000
0.454545 0.010000 0.181818 -1.000000
0.454545 0.010000 0.272727 -1.000000
0.454545 0.010000 0.363636 -1.000000
0.454545 0.010000 0.454545 -1.000000
0.454545 0.010000 0.545455 -1.000000
0.454545 0.010000 0.636364 -1.000000
0.454545 0.010000 0.727273 -1.000000
0.454545 0.010000 0.818182 -1.000000
0.454545 0.010000 0.909091 -1.000000
0.454545 0.020000 0.090909 -1.000000
0.454545 0.020000 0.181818 -1.000000
0.454545 0.020000 0.272727 -1.000000
0.454545 0.020000 0.363636 -1.000000
0.454545 0.020000 0.454545 -1.000000
0.454545 0.020000 0.545455 -1.000000
0.454545 0.020000 0.636364 -1.000000
0.454545 0.020000 0.727273 -1.000000
0.454545 0.020000 0.818182 -1.000000
0.454545 0.020000 0.909091 -1.000000
0.454545 0.030000 0.090909 -1.000000
0.454545 0.030000 0.181818 -1.000000
0.454545 0.030000 0.272727 -1.000000
0.454545 0.030000 0.363636 -1.000000
0.454545 0.030000 0.454545 -1.000000
0.454545 0.030000 0.545455 -1.000000
0.454545 0.030000 0.636364 -1.000000
0.454545 0.030000 0.727273 -1.000000
0.454545 0.030000 0.818182 -1.000000
0.454545 0.030000 0.909091 -1.000000
0.454545 0.040000 0.090909 -1.000000
0.454545 0.040000 0.181818 -1.000000
0.454545 0.040000 0.272727 -1.000000
0.454545 0.040000 0.363636 -1.000000
0.454545 0.040000 0.454545 -1.000000
0.454545 0.040000 0.545455 -1.000000
0.454545 0.040000 0.636364 -1.000000
0.454545 0.040000 0.727273 -1.000000
0.454545 0.040000 0.818182 -1.000000
0.454545 0.040000 0.909091 -1.000000
0.454545 0.050000 0.090909 -1.000000
0.454545 0.050000 0.181818 -1.000000
0.454545 0.050000 0.272727 -1.000000
0.454545 0.050000 0.363636 -1.000000
0.454545 0.050000 0.454545 -1.000000
0.454545 0.050000 0.545455 -1.000000
0.454545 0.050000 0.636364 -1.000000
0.454545 0.050000 0.727273 -1.000000
0.454545 0.050000 0.818182 -1.000000
0.454545 0.050000 0.909091 -1.000000
0.454545 0.060000 0.090909 -1.000000
0.454545 0.060000 0.181818 -1.000000
0.454545 0.060000 0.272727 -1.000000
0.454545 0.060000 0.363636 -1.000000
0.454545 0.060000 0.454545 -1.000000
0.454545 0.060000 0.545455 -1.000000
0.454545 0.060000 0.636364 -1.000000
0.454545 0.060000 0.727273 -1.000000
0.454545 0.060000 0.818182 -1.000000
0.454545 0.060000 0.909091 -1.000000
0.454545 0.070000 0.090909 -1.000000
0.454545 0.070000 0.181818 -1.000000
0.454545 0.070000 0.272727 -1.000000
0.454545 0.070000 0.363636 -1.000000
0.454545 0.070000 0.454545 -1.000000
0.454545 0.070000 0.545455 -1.000000
0.454545 0.070000 0.636364 -1.000000
0.454545 0.070000 0.727273 -1.000000
0.454545 0.070000 0.818182 -1.000000
0.454545 0.070000 0.909091 -1.000000
0.454545 0.080000 0.090909 -1.000000
0.454545 0.080000 0.181818 -1.000000
0.454545 0.080000 0.272727 -1.000000
0.454545 0.080000 0.363636 -1.000000
0.454545 0.080000 0.454545 -1.000000
0.454545 0.080000 0.545455 -1.000000
0.454545 0.080000 0.636364 -1.000000
0.454545 0.080000 0.727273 -1.000000
0.454545 0.080000 0.818182 -1.000000
0.454545 0.080000 0.909091 -1.000000
0.454545 0.090000 0.090909 -1.000000
0.454545 0.090000 0.181818 -1.000000
0.454545 0.090000 0.272727 -1.000000
0.454545 0.090000 0.363636 -1.000000
0.454545 0.090000 0.454545 -1.000000
0.454545 0.090000 0.545455 -1.000000
0.454545 0.090000 0.636364 -1.000000
0.454545 0.090000 0.727273 -1.000000
0.454545 0.090000 0.818182 -1.000000
0.454545 0.090000 0.909091 -1.000000
0.545455 0.010000 0.090909 -1.000000
0.545455 0.010000 0.181818 -1.000000
0.545455 0.010000 0.272727 -1.000000
0.545455 0.010000 0.363636 -1.000000
0.545455 0.010000 0.454545 -1.000000
0.545455 0.010000 0.545455 -1.000000
0.545455 0.010000 0.636364 -1.000000
0.545455 0.010000 0.727273 -1.000000
0.545455 0.010000 0.818182 -1.000000
0.545455 0.010000 0.909091 -1.000000
0.545455 0.020000 0.090909 -1.000000
0.545455 0.020000 0.181818 -1.000000
0.545455 0.020000 0.272727 -1.000000
0.545455 0.020000 0.363636 -1.000000
0.545455 0.020000 0.454545 -1.000000
0.545455 0.020000 0.545455 -1.000000
0.545455 0.020000 0.636364 -1.000000
0.545455 0.020000 0.727273 -1.000000
0.545455 0.020000 0.818182 -1.000000
0.545455 0.020000 0.909091 -1.000000
0.545455 0.030000 0.090909 -1.000000
0.545455 0.030000 0.181818 -1.000000
0.545455 0.030000 0.272727 -1.000000
0.545455 0.030000 0.363636 -1.000000
0.545455 0.030000 0.454545 -1.000000
0.545455 0.030000 0.545455 -1.000000
0.545455 0.030000 0.636364 -1.000000
0.545455 0.030000 0.727273 -1.000000
0.545455 0.030000 0.818182 -1.000000
0.545455 0.030000 0.909091 -1.000000
0.545455 0.040000 0.090909 -1.000000
0.545455 0.040000 0.181818 -1.000000
0.545455 0.040000 0.272727 -1.000000
0.545455 0.040000 0.363636 -1.000000
0.545455 0.040000 0.454545 -1.000000
0.545455 0.040000 0.545455 -1.000000
0.545455 0.040000 0.636364 -1.000000
0.545455 0.040000 0.727273 -1.000000
0.545455 0.040000 0.818182 -1.000000
0.545455 0.040000 0.909091 -1.000000
0.545455 0.050000 0.090909 -1.000000
0.545455 0.050000 0.181818 -1.000000
0.545455 0.050000 0.272727 -1.000000
0.545455 0.050000 0.363636 -1.000000
0.545455 0.050000 0.454545 -1.000000
0.545455 0.050000 0.545455 -1.000000
0.545455 0.050000 0.636364 -1.000000
0.545455 0.050000 0.727273 -1.000000
0.545455 0.050000 0.818182 -1.000000
0.545455 0.050000 0.909091 -1.000000
0.545455 0.060000 0.090909 -1.000000
0.545455 0.060000 0.181818 -1.000000
0.545455 0.060000 0.272727 -1.000000
0.545455 0.060000 0.363636 -1.000000
0.545455 0.060000 0.454545 -1.000000
0.545455 0.060000 0.545455 -1.000000
0.545455 0.060000 0.636364 -1.000000
0.545455 0.060000 0.727273 -1.000000
0.545455 0.060000 0.818182 -1.000000
0.545455 0.060000 0.909091 -1.000000
0.545455 0.070000 0.090909 -1.000000
0.545455 0.070000 0.181818 -1.000000
0.545455 0.070000 0.272727 -1.000000
0.545455 0.070000 0.363636 -1.000000
0.545455 0.070000 0.454545 -1.000000
0.545455 0.070000 0.545455 -1.000000
0.545455 0.070000 0.636364 -1.000000
0.545455 0.070000 0.727273 -1.000000
0.545455 0.070000 0.818182 -1.000000
0.545455 0.070000 0.909091 -1.000000
0.545455 0.080000 0.090909 -1.000000
0.545455 0.080000 0.181818 -1.000000
0.545455 0.080000 0.272727 -1.000000
0.545455 0.080000 0.363636 -1.000000
0.545455 0.080000 0.454545 -1.000000
0.545455 0.080000 0.545455 -1.000000
0.545455 0.080000 0.636364 -1.000000
0.545455 0.080000 0.727273 -1.000000
0.545455 0.080000 0.818182 -1.000000
0.545455 0.080000 0.909091 -1.000000
0.545455 0.090000 0.090909 -1.000000
0.545455 0.090000 0.181818 -1.000000
0.545455 0.090000 0.272727 -1.000000
0.545455 0.090000 0.363636 -1.000000
0.545455 0.090000 0.454545 -1.000000
0.545455 0.090000 0.545455 -1.000000
0.545455 0.090000 0.636364 -1.000000
0.545455 0.090000 0.727273 -1.000000
0.545455 0.090000 0.818182 -1.000000
0.545455 0.090000 0.909091 -1.000000
0.636364 0.010000 0.090909 -1.000000
0.636364 0.010000 0.181818 -1.000000
0.636364 0.010000 0.272727 -1.000000
0.636364 0.010000 0.363636 -1.000000
0.636364 0.010000 0.454545 -1.000000
0.636364 0.010000 0.545455 -1.000000
0.636364 0.010000 0.636364 -1.000000
0.636364 0.010000 0.727273 -1.000000
0.636364 0.010000 0.818182 -1.000000
0.636364 0.010000 0.909091 -1.000000
0.636364 0.020000 0.090909 -1.000000
0.636364 0.020000 0.181818 -1.000000
0.636364 0.020000 0.272727 -1.000000
0.636364 0.020000 0.363636 -1.000000
0.636364 0.020000 0.454545 -1.000000
0.636364 0.020000 0.545455 -1.000000
0.636364 0.020000 0.636364 -1.000000
0.636364 0.020000 0.727273 -1.000000
0.636364 0.020000 0.818182 -1.000000
0.636364 0.020000 0.909091 -1.000000
0.636364 0.030000 0.090909 -1.000000
0.636364 0.030000 0.181818 -1.000000
0.636364 0.030000 0.272727 -1.000000
0.636364 0.030000 0.363636 -1.000000
0.636364 0.030000 0.454545 -1.000000
0.636364 0.030000 0.545455 -1.000000
0.636364 0.030000 0.636364 -1.000000
0.636364 0.030000 0.727273 -1.000000
0.636364 0.030000 0.818182 -1.000000
0.636364 0.030000 0.909091 -1.000000
0.636364 0.040000 0.090909 -1.000000
0.636364 0.040000 0.181818 -1.000000
0.636364 0.040000 0.272727 -1.000000
0.636364 0.040000 0.363636 -1.000000
0.636364 0.040000 0.454545 -1.000000
0.636364 0.040000 0.545455 -1.000000
0.636364 0.040000 0.636364 -1.000000
0.636364 0.040000 0.727273 -1.000000
0.636364 0.040000 0.818182 -1.000000
0.636364 0.040000 0.909091 -1.000000
0.636364 0.050000 0.090909 -1.000000
0.636364 0.050000 0.181818 -1.000000
0.636364 0.050000 0.272727 -1.000000
0.636364 0.050000 0.363636 -1.000000
0.636364 0.050000 0.454545 -1.000000
0.636364 0.050000 0.545455 -1.000000
0.636364 0.050000 0.636364 -1.000000
0.636364 0.050000 0.727273 -1.000000
0.636364 0.050000 0.818182 -1.000000
0.636364 0.050000 0.909091 -1.000000
0.636364 0.060000 0.090909 -1.000000
0.636364 0.060000 0.181818 -1.000000
0.636364 0.060000 0.272727 -1.000000
0.636364 0.060000 0.363636 -1.000000
0.636364 0.060000 0.454545 -1.000000
0.636364 0.060000 0.545455 -1.000000
0.636364 0.060000 0.636364 -1.000000
0.636364 0.060000 0.727273 -1.000000
0.636364 0.060000 0.818182 -1.000000
0.636364 0.060000 0.909091 -1.000000
0.636364 0.070000 0.090909 -1.000000
0.636364 0.070000 0.181818 -1.000000
0.636364 0.070000 0.272727 -1.000000
0.636364 0.070000 0.363636 -1.000000
0.636364 0.070000 0.454545 -1.000000
0.636364 0.070000 0.545455 -1.000000
0.636364 0.070000 0.636364 -1.000000
0.636364 0.070000 0.727273 -1.000000
0.636364 0.070000 0.818182 -1.000000
0.636364 0.070000 0.909091 -1.000000
0.636364 0.080000 0.090909 -1.000000
0.636364 0.080000 0.181818 -1.000000
0.636364 0.080000 0.272727 -1.000000
0.636364 0.080000 0.363636 -1.000000
0.636364 0.080000 0.454545 -1.000000
0.636364 0.080000 0.545455 -1.000000
0.636364 0.080000 0.636364 -1.000000
0.636364 0.080000 0.727273 -1.000000
0.636364 0.080000 0.818182 -1.000000
0.636364 0.080000 0.909091 -1.000000
0.636364 0.090000 0.090909 -1.000000
0.636364 0.090000 0.181818 -1.000000
0.636364 0.090000 0.272727 -1.000000
0.636364 0.090000 0.363636 -1.000000
0.636364 0.090000 0.454545 -1.000000
0.636364 0.090000 0.545455 -1.000000
0.636364 0.090000 0.636364 -1.000000
0.636364 0.090000 0.727273 -1.000000
0.636364 0.090000 0.818182 -1.000000
0.636364 0.090000 0.909091 -1.000000
0.727273 0.010000 0.090909 -1.000000
0.727273 0.010000 0.181818 -1.000000
0.727273 0.010000 0.272727 -1.000000
0.727273 0.010000 0.363636 -1.000000
0.727273 0.010000 0.454545 -1.000000
0.727273 0.010000 0.545455 -1.000000
0.727273 0.010000 0.636364 -1.000000
0.727273 0.010000 0.727273 -1.000000
0.727273 0.010000 0.818182 -1.000000
0.727273 0.010000 0.909091 -1.000000
0.727273 0.020000 0.090909 -1.000000
0.727273 0.020000 0.181818 -1.000000
0.727273 0.020000 0.272727 -1.000000
0.727273 0.020000 0.363636 -1.000000
0.727273 0.020000 0.454545 -1.000000
0.727273 0.020000 0.545455 -1.000000
0.727273 0.020000 0.636364 -1.000000
0.727273 0.020000 0.727273 -1.000000
0.727273 0.020000 0.818182 -1.000000
0.727273 0.020000 0.909091 -1.000000
0.727273 0.030000 0.090909 -1.000000
0.727273 0.030000 0.181818 -1.000000
0.727273 0.030000 0.272727 -1.000000
0.727273 0.030000 0.363636 -1.000000
0.727273 0.030000 0.454545 -1.000000
0.727273 0.030000 0.545455 -1.000000
0.727273 0.030000 0.636364 -1.000000
0.727273 0.030000 0.727273 -1.000000
0.727273 0.030000 0.818182 -1.000000
0.727273 0.030000 0.909091 -1.000000
0.727273 0.040000 0.090909 -1.000000
0.727273 0.040000 0.181818 -1.000000
0.727273 0.040000 0.272727 -1.000000
0.727273 0.040000 0.363636 -1.000000
0.727273 0.040000 0.454545 -1.000000
0.727273 0.040000 0.545455 -1.000000
0.727273 0.040000 0.636364 -1.000000
0.727273 0.040000 0.727273 -1.000000
0.727273 0.040000 0.818182 -1.000000
0.727273 0.040000 0.909091 -1.000000
0.727273 0.050000 0.090909 -1.000000
0.727273 0.050000 0.181818 -1.000000
0.727273 0.050000 0.272727 -1.000000
0.727273 0.050000 0.363636 -1.000000
0.727273 0.050000 0.454545 -1.000000
0.727273 0.050000 0.545455 -1.000000
0.727273 0.050000 0.636364 -1.000000
0.727273 0.050000 0.727273 -1.000000
0.727273 0.050000 0.818182 -1.000000
0.727273 0.050000 0.909091 -1.000000
0.727273 0.060000 0.090909 -1.000000
0.727273 0.060000 0.181818 -1.000000
0.727273 0.060000 0.272727 -1.000000
0.727273 0.060000 0.363636 -1.000000
0.727273 0.060000 0.454545 -1.000000
0.727273 0.060000 0.545455 -1.000000
0.727273 0.060000 0.636364 -1.000000
0.727273 0.060000 0.727273 -1.000000
0.727273 0.060000 0.818182 -1.000000
0.727273 0.060000 0.909091 -1.000000
0.727273 0.070000 0.090909 -1.000000
0.727273 0.070000 0.181818 -1.000000
0.727273 0.070000 0.272727 -1.000000
0.727273 0.070000 0.363636 -1.000000
0.727273 0.070000 0.454545 -1.000000
0.727273 0.070000 0.545455 -1.000000
0.727273 0.070000 0.636364 -1.000000
0.727273 0.070000 0.727273 -1.000000
0.727273 0.070000 0.818182 -1.000000
0.727273 0.070000 0.909091 -1.000000
0.727273 0.080000 0.090909 -1.000000
0.727273 0.080000 0.181818 -1.000000
0.727273 0.080000 0.272727 -1.000000
0.727273 0.080000 0.363636 -1.000000
0.727273 0.080000 0.454545 -1.000000
0.727273 0.080000 0.545455 -1.000000
0.727273 0.080000 0.636364 -1.000000
0.727273 0.080000 0.727273 -1.000000
0.727273 0.080000 0.818182 -1.000000
0.727273 0.080000 0.909091 -1.000000
0.727273 0.090000 0.090909 -1.000000
0.727273 0.090000 0.181818 -1.000000
0.727273 0.090000 0.272727 -1.000000
0.727273 0.090000 0.363636 -1.000000
0.727273 0.090000 0.454545 -1.000000
0.727273 0.090000 0.545455 -1.000000
0.727273 0.090000 0.636364 -1.000000
0.727273 0.090000 0.727273 -1.000000
0.727273 0.090000 0.818182 -1.000000
0.727273 0.090000 0.909091 -1.000000
0.818182 0.010000 0.090909 -1.000000
0.818182 0.010000 0.181818 -1.000000
0.818182 0.010000 0.272727 -1.000000
0.818182 0.010000 0.363636 -1.000000
0.818182 0.010000 0.454545 -1.000000
0.818182 0.010000 0.545455 -1.000000
0.818182 0.010000 0.636364 -1.000000
0.818182 0.010000 0.727273 -1.000000
0.818182 0.010000 0.818182 -1.000000
0.818182 0.010000 0.909091 -1.000000
0.818182 0.020000 0.090909 -1.000000
0.818182 0.020000 0.181818 -1.000000
0.818182 0.020000 0.272727 -1.000000
0.818182 0.020000 0.363636 -1.000000
0.818182 0.020000 0.454545 -1.000000
0.818182 0.020000 0.545455 -1.000000
0.818182 0.020000 0.636364 -1.000000
0.818182 0.020000 0.727273 -1.000000
0.818182 0.020000 0.818182 -1.000000
0.818182 0.020000 0.909091 -1.000000
0.818182 0.030000 0.090909 -1.000000
0.818182 0.030000 0.181818 -1.000000
0.818182 0.030000 0.272727 -1.000000
0.818182 0.030000 0.363636 -1.000000
0.818182 0.030000 0.454545 -1.000000
0.818182 0.030000 0.545455 -1.000000
0.818182 0.030000 0.636364 -1.000000
0.818182 0.030000 0.727273 -1.000000
0.818182 0.030000 0.818182 -1.000000
0.818182 0.030000 0.909091 -1.000000
0.818182 0.040000 0.090909 -1.000000
0.818182 0.040000 0.181818 -1.000000
0.818182 0.040000 0.272727 -1.000000
0.818182 0.040000 0.363636 -1.000000
0.818182 0.040000 0.454545 -1.000000
0.818182 0.040000 0.545455 -1.000000
0.818182 0.040000 0.636364 -1.000000
0.818182 0.040000 0.727273 -1.000000
0.818182 0.040000 0.818182 -1.000000
0.818182 0.040000 0.909091 -1.000000
0.818182 0.050000 0.090909 -1.000000
0.818182 0.050000 0.181818 -1.000000
0.818182 0.050000 0.272727 -1.000000
0.818182 0.050000 0.363636 -1.000000
0.818182 0.050000 0.454545 -1.000000
0.818182 0.050000 0.545455 -1.000000
0.818182 0.050000 0.636364 -1.000000
0.818182 0.050000 0.727273 -1.000000
0.818182 0.050000 0.818182 -1.000000
0.818182 0.050000 0.909091 -1.000000
0.818182 0.060000 0.090909 -1.000000
0.818182 0.060000 0.181818 -1.000000
0.818182 0.060000 0.272727 -1.000000
0.818182 0.060000 0.363636 -1.000000
0.818182 0.060000 0.454545 -1.000000
0.818182 0.060000 0.545455 -1.000000
0.818182 0.060000 0.636364 -1.000000
0.818182 0.060000 0.727273 -1.000000
0.818182 0.060000 0.818182 -1.000000
0.818182 0.060000 0.909091 -1.000000
0.818182 0.070000 0.090909 -1.000000
0.818182 0.070000 0.181818 -1.000000
0.818182 0.070000 0.272727 -1.000000
0.818182 0.070000 0.363636 -1.000000
0.818182 0.070000 0.454545 -1.000000
0.818182 0.070000 0.545455 -1.000000
0.818182 0.070000 0.636364 -1.000000
0.818182 0.070000 0.727273 -1.000000
0.818182 0.070000 0.818182 -1.000000
0.818182 0.070000 0.909091 -1.000000
0.818182 0.080000 0.090909 -1.000000
0.818182 0.080000 0.181818 -1.000000
0.818182 0.080000 0.272727 -1.000000
0.818182 0.080000 0.363636 -1.000000
0.818182 0.080000 0.454545 -1.000000
0.818182 0.080000 0.545455 -1.000000
0.818182 0.080000 0.636364 -1.000000
0.818182 0.080000 0.727273 -1.000000
0.818182 0.080000 0.818182 -1.000000
0.818182 0.080000 0.909091 -1.000000
0.818182 0.090000 0.090909 -1.000000
0.818182 0.090000 0.181818 -1.000000
0.818182 0.090000 0.272727 -1.000000
0.818182 0.090000 0.363636 -1.000000
0.818182 0.090000 0.454545 -1.000000
0.818182 0.090000 0.545455 -1.000000
0.818182 0.090000 0.636364 -1.000000
0.818182 0.090000 0.727273 -1.000000
0.818182 0.090000 0.818182 -1.000000
0.818182 0.090000 0.909091 -1.000000
0.909091 0.010000 0.090909 -1.000000
0.909091 0.010000 0.181818 -1.000000
0.909091 0.010000 0.272727 -1.000000
0.909091 0.010000 0.363636 -1.000000
0.909091 0.010000 0.454545 -1.000000
0.909091 0.010000 0.545455 -1.000000
0.909091 0.010000 0.636364 -1.000000
0.909091 0.010000 0.727273 -1.000000
0.909091 0.010000 0.818182 -1.000000
0.909091 0.010000 0.909091 -1.000000
0.909091 0.020000 0.090909 -1.000000
0.909091 0.020000 0.181818 -1.000000
0.909091 0.020000 0.272727 -1.000000
0.909091 0.020000 0.363636 -1.000000
0.909091 0.020000 0.454545 -1.000000
0.909091 0.020000 0.545455 -1.000000
0.909091 0.020000 0.636364 -1.000000
0.909091 0.020000 0.727273 -1.000000
0.909091 0.020000 0.818182 -1.000000
0.909091 0.020000 0.909091 -1.000000
0.909091 0.030000 0.090909 -1.000000
0.909091 0.030000 0.181818 -1.000000
0.909091 0.030000 0.272727 -1.000000
0.909091 0.030000 0.363636 -1.000000
0.909091 0.030000 0.454545 -1.000000
0.909091 0.030000 0.545455 -1.000000
0.909091 0.030000 0.636364 -1.000000
0.909091 0.030000 0.727273 -1.000000
0.909091 0.030000 0.818182 -1.000000
0.909091 0.030000 0.909091 -1.000000
0.909091 0.040000 0.090909 -1.000000
0.909091 0.040000 0.181818 -1.000000
0.909091 0.040000 0.272727 -1.000000
0.909091 0.040000 0.363636 -1.000000
0.909091 0.040000 0.454545 -1.000000
0.909091 0.040000 0.545455 -1.000000
0.909091 0.040000 0.636364 -1.000000
0.909091 0.040000 0.727273 -1.000000
0.909091 0.040000 0.818182 -1.000000
0.909091 0.040000 0.909091 -1.000000
0.909091 0.050000 0.090909 -1.000000
0.909091 0.050000 0.181818 -1.000000
0.909091 0.050000 0.272727 -1.000000
0.909091 0.050000 0.363636 -1.000000
0.909091 0.050000 0.454545 -1.000000
0.909091 0.050000 0.545455 -1.000000
0.909091 0.050000 0.636364 -1.000000
0.909091 0.050000 0.727273 -1.000000
0.909091 0.050000 0.818182 -1.000000
0.909091 0.050000 0.909091 -1.000000
0.909091 0.060000 0.090909 -1.000000
0.909091 0.060000 0.181818 -1.000000
0.909091 0.060000 0.272727 -1.000000
0.909091 0.060000 0.363636 -1.000000
0.909091 0.060000 0.454545 -1.000000
0.909091 0.060000 0.545455 -1.000000
0.909091 0.060000 0.636364 -1.000000
0.909091 0.060000 0.727273 -1.000000
0.909091 0.060000 0.818182 -1.000000
0.909091 0.060000 0.909091 -1.000000
0.909091 0.070000 0.090909 -1.000000
0.909091 0.070000 0.181818 -1.000000
0.909091 0.070000 0.272727 -1.000000
0.909091 0.070000 0.363636 -1.000000
0.909091 0.070000 0.454545 -1.000000
0.909091 0.070000 0.545455 -1.000000
0.909091 0.070000 0.636364 -1.000000
0.909091 0.070000 0.727273 -1.000000
0.909091 0.070000 0.818182 -1.000000
0.909091 0.070000 0.909091 -1.000000
0.909091 0.080000 0.090909 -1.000000
0.909091 0.080000 0.181818 -1.000000
0.909091 0.080000 0.272727 -1.000000
0.909091 0.080000 0.363636 -1.000000
0.909091 0.080000 0.454545 -1.000000
0.909091 0.080000 0.545455 -1.000000
0.909091 0.080000 0.636364 -1.000000
0.909091 0.080000 0.727273 -1.000000
0.909091 0.080000 0.818182 -1.000000
0.909091 0.080000 0.909091 -1.000000
0.909091 0.090000 0.090909 -1.000000
0.909091 0.090000 0.181818 -1.000000
0.909091 0.090000 0.272727 -1.000000
0.909091 0.090000 0.363636 -1.000000
0.909091 0.090000 0.454545 -1.000000
0.909091 0.090000 0.545455 -1.000000
0.909091 0.090000 0.636364 -1.000000
0.909091 0.090000 0.727273 -1.000000
0.909091 0.090000 0.818182 -1.000000
0.909091 0.090000 0.909091 -1.000000
0.000000 0.010000 0.000000 -1.000000
0.000000 0.010000 0.090909 -1.000000
0.000000 0.010000 0.181818 -1.000000
0.000000 0.010000 0.272727 -1.000000
0.000000 0.010000 0.363636 -1.000000
0.000000 0.010000 0.454545 -1.000000
0.000000 0.010000 0.545455 -1.000000
0.000000 0.010000 0.636364 -1.000000
0.000000 0.010000 0.727273 -1.000000
0.000000 0.010000 0.818182 -1.000000
0.000000 0.010000 0.909091 -1.000000
0.000000 0.010000 1.000000 -1.000000
0.000000 0.020000 0.000000 -1.000000
0.000000 0.020000 0.090909 -1.000000
0.000000 0.020000 0.181818 -1.000000
0.000000 0.020000 0.272727 -1.000000
0.000000 0.020000 0.363636 -1.000000
0.000000 0.020000 0.454545 -1.000000
0.000000 0.020000 0.545455 -1.000000
0.000000 0.020000 0.636364 -1.000000
0.000000 0.020000 0.727273 -1.000000
0.000000 0.020000 0.818182 -1.000000
0.000000 0.020000 0.909091 -1.000000
0.000000 0.020000 1.000000 -1.000000
0.000000 0.030000 0.000000 -1.000000
0.000000 0.030000 0.090909 -1.000000
0.000000 0.030000 0.181818 -1.000000
0.000000 0.030000 0.272727 -1.000000
0.000000 0.030000 0.363636 -1.000000
0.000000 0.030000 0.454545 -1.000000
0.000000 0.030000 0.545455 -1.000000
0.000000 0.030000 0.636364 -1.000000
0.000000 0.030000 0.727273 -1.000000
0.000000 0.030000 0.818182 -1.000000
0.000000 0.030000 0.909091 -1.000000
0.000000 0.030000 1.000000 -1.000000
0.000000 0.040000 0.000000 -1.000000
0.000000 0.040000 0.090909 -1.000000
0.000000 0.040000 0.181818 -1.000000
0.000000 0.040000 0.272727 -1.000000
0.000000 0.040000 0.363636 -1.000000
0.000000 0.040000 0.454545 -1.000000
0.000000 0.040000 0.545455 -1.000000
0.000000 0.040000 0.636364 -1.000000
0.000000 0.040000 0.727273 -1.000000
0.000000 0.040000 0.818182 -1.000000
0.000000 0.040000 0.909091 -1.000000
0.000000 0.040000 1.000000 -1.000000
0.000000 0.050000 0.000000 -1.000000
0.000000 0.050000 0.090909 -1.000000
0.000000 0.050000 0.181818 -1.000000
0.000000 0.050000 0.272727 -1.000000
0.000000 0.050000 0.363636 -1.000000
0.000000 0.050000 0.454545 -1.000000
0.000000 0.050000 0.545455 -1.000000
0.000000 0.050000 0.636364 -1.000000
0.000000 0.050000 0.727273 -1.000000
0.000000 0.050000 0.818182 -1.000000
0.000000 0.050000 0.909091 -1.000000
0.000000 0.050000 1.000000 -1.000000
0.000000 0.060000 0.000000 -1.000000
0.000000 0.060000 0.090909 -1.000000
0.000000 0.060000 0.181818 -1.000000
0.000000 0.060000 0.272727 -1.000000
0.000000 0.060000 0.363636 -1.000000
0.000000 0.060000 0.454545 -1.000000
0.000000 0.060000 0.545455 -1.000000
0.000000 0.060000 0.636364 -1.000000
0.000000 0.060000 0.727273 -1.000000
0.000000 0.060000 0.818182 -1.000000
0.000000 0.060000 0.909091 -1.000000
0.000000 0.060000 1.000000 -1.000000
0.000000 0.070000 0.000000 -1.000000
0.000000 0.070000 0.090909 -1.000000
0.000000 0.070000 0.181818 -1.000000
0.000000 0.070000 0.272727 -1.000000
0.000000 0.070000 0.363636 -1.000000
0.000000 0.070000 0.454545 -1.000000
0.000000 0.070000 0.545455 -1.000000
0.000000 0.070000 0.636364 -1.000000
0.000000 0.070000 0.727273 -1.000000
0.000000 0.070000 0.818182 -1.000000
0.000000 0.070000 0.909091 -1.000000
0.000000 0.070000 1.000000 -1.000000
0.000000 0.080000 0.000000 -1.000000
0.000000 0.080000 0.090909 -1.000000
0.000000 0.080000 0.181818 -1.000000
0.000000 0.080000 0.272727 -1.000000
0.000000 0.080000 0.363636 -1.000000
0.000000 0.080000 0.454545 -1.000000
0.000000 0.080000 0.545455 -1.000000
0.000000 0.080000 0.636364 -1.000000
0.000000 0.080000 0.727273 -1.000000
0.000000 0.080000 0.818182 -1.000000
0.000000 0.080000 0.909091 -1.000000
0.000000 0.080000 1.000000 -1.000000
0.000000 0.090000 0.000000 -1.000000
0.000000 0.090000 0.090909 -1.000000
0.000000 0.090000 0.181818 -1.000000
0.000000 0.090000 0.272727 -1.000000
0.000000 0.090000 0.363636 -1.000000
0.000000 0.090000 0.454545 -1.000000
0.000000 0.090000 0.545455 -1.000000
0.000000 0.090000 0.636364 -1.000000
0.000000 0.090000 0.727273 -1.000000
0.000000 0.090000 0.818182 -1.000000
0.000000 0.090000 0.909091 -1.000000
0.000000 0.090000 1.000000 -1.000000
0.090909 0.010000 0.000000 -1.000000
0.090909 0.010000 1.000000 -1.000000
0.090909 0.020000 0.000000 -1.000000
0.090909 0.020000 1.000000 -1.000000
0.090909 0.030000 0.000000 -1.000000
0.090909 0.030000 1.000000 -1.000000
0.090909 0.040000 0.000000 -1.000000
0.090909 0.040000 1.000000 -1.000000
0.090909 0.050000 0.000000 -1.000000
0.090909 0.050000 1.000000 -1.000000
0.090909 0.060000 0.000000 -1.000000
0.090909 0.060000 1.000000 -1.000000
0.090909 0.070000 0.000000 -1.000000
0.090909 0.070000 1.000000 -1.000000
0.090909 0.080000 0.000000 -1.000000
0.090909 0.080000 1.000000 -1.000000
0.090909 0.090000 0.000000 -1.000000
0.090909 0.090000 1.000000 -1.000000
0.181818 0.010000 0.000000 -1.000000
0.181818 0.010000 1.000000 -1.000000
0.181818 0.020000 0.000000 -1.000000
0.181818 0.020000 1.000000 -1.000000
0.181818 0.030000 0.000000 -1.000000
0.181818 0.030000 1.000000 -1.000000
0.181818 0.040000 0.000000 -1.000000
0.181818 0.040000 1.000000 -1.000000
0.181818 0.050000 0.000000 -1.000000
0.181818 0.050000 1.000000 -1.000000
0.181818 0.060000 0.000000 -1.000000
0.181818 0.060000 1.000000 -1.000000
0.181818 0.070000 0.000000 -1.000000
0.181818 0.070000 1.000000 -1.000000
0.181818 0.080000 0.000000 -1.000000
0.181818 0.080000 1.000000 -1.000000
0.181818 0.090000 0.000000 -1.000000
0.181818 0.090000 1.000000 -1.000000
0.272727 0.010000 0.000000 -1.000000
0.272727 0.010000 1.000000 -1.000000
0.272727 0.020000 0.000000 -1.000000
0.272727 0.020000 1.000000 -1.000000
0.272727 0.030000 0.000000 -1.000000
0.272727 0.030000 1.000000 -1.000000
0.272727 0.040000 0.000000 -1.000000
0.272727 0.040000 1.000000 -1.000000
0.272727 0.050000 0.000000 -1.000000
0.272727 0.050000 1.000000 -1.000000
0.272727 0.060000 0.000000 -1.000000
0.272727 0.060000 1.000000 -1.000000
0.272727 0.070000 0.000000 -1.000000
0.272727 0.070000 1.000000 -1.000000
0.272727 0.080000 0.000000 -1.000000
0.272727 0.080000 1.000000 -1.000000
0.272727 0.090000 0.000000 -1.000000
0.272727 0.090000 1.000000 -1.000000
0.363636 0.010000 0.000000 -1.000000
0.363636 0.010000 1.000000 -1.000000
0.363636 0.020000 0.000000 -1.000000
0.363636 0.020000 1.000000 -1.000000
0.363636 0.030000 0.000000 -1.000000
0.363636 0.030000 1.000000 -1.000000
0.363636 0.040000 0.000000 -1.000000
0.363636 0.040000 1.000000 -1.000000
0.363636 0.050000 0.000000 -1.000000
0.363636 0.050000 1.000000 -1.000000
0.363636 0.060000 0.000000 -1.000000
0.363636 0.060000 1.000000 -1.000000
0.363636 0.070000 0.000000 -1.000000
0.363636 0.070000 1.000000 -1.000000
0.363636 0.080000 0.000000 -1.000000
0.363636 0.080000 1.000000 -1.000000
0.363636 0.090000 0.000000 -1.000000
0.363636 0.090000 1.000000 -1.000000
0.454545 0.010000 0.000000 -1.000000
0.454545 0.010000 1.000000 -1.000000
0.454545 0.020000 0.000000 -1.000000
0.454545 0.020000 1.000000 -1.000000
0.454545 0.030000 0.000000 -1.000000
0.454545 0.030000 1.000000 -1.000000
0.454545 0.040000 0.000000 -1.000000
0.454545 0.040000 1.000000 -1.000000
0.454545 0.050000 0.000000 -1.000000
0.454545 0.050000 1.000000 -1.000000
0.454545 0.060000 0.000000 -1.000000
0.454545 0.060000 1.000000 -1.000000
0.454545 0.070000 0.000000 -1.000000
0.454545 0.070000 1.000000 -1.000000
0.454545 0.080000 0.000000 -1.000000
0.454545 0.080000 1.000000 -1.000000
0.454545 0.090000 0.000000 -1.000000
0.454545 0.090000 1.000000 -1.000000
0.545455 0.010000 0.000000 -1.000000
0.545455 0.010000 1.000000 -1.000000
0.545455 0.020000 0.000000 -1.000000
0.545455 0.020000 1.000000 -1.000000
0.545455 0.030000 0.000000 -1.000000
0.545455 0.030000 1.000000 -1.000000
0.545455 0.040000 0.000000 -1.000000
0.545455 0.040000 1.000000 -1.000000
0.545455 0.050000 0.000000 -1.000000
0.545455 0.050000 1.000000 -1.000000
0.545455 0.060000 0.000000 -1.000000
0.545455 0.060000 1.000000 -1.000000
0.545455 0.070000 0.000000 -1.000000
0.545455 0.070000 1.000000 -1.000000
0.545455 0.080000 0.000000 -1.000000
0.545455 0.080000 1.000000 -1.000000
0.545455 0.090000 0.000000 -1.000000
0.545455 0.090000 1.000000 -1.000000
0.636364 0.010000 0.000000 -1.000000
0.636364 0.010000 1.000000 -1.000000
0.636364 0.020000 0.000000 -1.000000
0.636364 0.020000 1.000000 -1.000000
0.636364 0.030000 0.000000 -1.000000
0.636364 0.030000 1.000000 -1.000000
0.636364 0.040000 0.000000 -1.000000
0.636364 0.040000 1.000000 -1.000000
0.636364 0.050000 0.000000 -1.000000
0.636364 0.050000 1.000000 -1.000000
0.636364 0.060000 0.000000 -1.000000
0.636364 0.060000 1.000000 -1.000000
0.636364 0.070000 0.000000 -1.000000
0.636364 0.070000 1.000000 -1.000000
0.636364 0.080000 0.000000 -1.000000
0.636364 0.080000 1.000000 -1.000000
0.636364 0.090000 0.000000 -1.000000
0.636364 0.090000 1.000000 -1.000000
0.727273 0.010000 0.000000 -1.000000
0.727273 0.010000 1.000000 -1.000000
0.727273 0.020000 0.000000 -1.000000
0.727273 0.020000 1.000000 -1.000000
0.727273 0.030000 0.000000 -1.000000
0.727273 0.030000 1.000000 -1.000000
0.727273 0.040000 0.000000 -1.000000
0.727273 0.040000 1.000000 -1.000000
0.727273 0.050000 0.000000 -1.000000
0.727273 0.050000 1.000000 -1.000000
0.727273 0.060000 0.000000 -1.000000
0.727273 0.060000 1.000000 -1.000000
0.727273 0.070000 0.000000 -1.000000
0.727273 0.070000 1.000000 -1.000000
0.727273 0.080000 0.000000 -1.000000
0.727273 0.080000 1.000000 -1.000000
0.727273 0.090000 0.000000 -1.000000
0.727273 0.090000 1.000000 -1.000000
0.818182 0.010000 0.000000 -1.000000
0.818182 0.010000 1.000000 -1.000000
0.818182 0.020000 0.000000 -1.000000
0.818182 0.020000 1.000000 -1.000000
0.818182 0.030000 0.000000 -1.000000
0.818182 0.030000 1.000000 -1.000000
0.818182 0.040000 0.000000 -1.000000
0.818182 0.040000 1.000000 -1.000000
0.818182 0.050000 0.000000 -1.000000
0.818182 0.050000 1.000000 -1.000000
0.818182 0.060000 0.000000 -1.000000
0.818182 0.060000 1.000000 -1.000000
0.818182 0.070000 0.000000 -1.000000
0.818182 0.070000 1.000000 -1.000000
0.818182 0.080000 0.000000 -1.000000
0.818182 0.080000 1.000000 -1.000000
0.818182 0.090000 0.000000 -1.000000
0.818182 0.090000 1.000000 -1.000000
0.909091 0.010000 0.000000 -1.000000
0.909091 0.010000 1.000000 -1.000000
0.909091 0.020000 0.000000 -1.000000
0.909091 0.020000 1.000000 -1.000000
0.909091 0.030000 0.000000 -1.000000
0.909091 0.030000 1.000000 -1.000000
0.909091 0.040000 0.000000 -1.000000
0.909091 0.040000 1.000000 -1.000000
0.909091 0.050000 0.000000 -1.000000
0.909091 0.050000 1.000000 -1.000000
0.909091 0.060000 0.000000 -1.000000
0.909091 0.060000 1.000000 -1.000000
0.909091 0.070000 0.000000 -1.000000
0.909091 0.070000 1.000000 -1.000000
0.909091 0.080000 0.000000 -1.000000
0.909091 0.080000 1.000000 -1.000000
0.909091 0.090000 0.000000 -1.000000
0.909091 0.090000 1.000000 -1.000000
1.000000 0.010000 0.000000 -1.000000
1.000000 0.010000 0.090909 -1.000000
1.000000 0.010000 0.181818 -1.000000
1.000000 0.010000 0.272727 -1.000000
1.000000 0.010000 0.363636 -1.000000
1.000000 0.010000 0.454545 -1.000000
1.000000 0.010000 0.545455 -1.000000
1.000000 0.010000 0.636364 -1.000000
1.000000 0.010000 0.727273 -1.000000
1.000000 0.010000 0.818182 -1.000000
1.000000 0.010000 0.909091 -1.000000
1.000000 0.010000 1.000000 -1.000000
1.000000 0.020000 0.000000 -1.000000
1.000000 0.020000 0.090909 -1.000000
1.000000 0.020000 0.181818 -1.000000
1.000000 0.020000 0.272727 -1.000000
1.000000 0.020000 0.363636 -1.000000
1.000000 0.020000 0.454545 -1.000000
1.000000 0.020000 0.545455 -1.000000
1.000000 0.020000 0.636364 -1.000000
1.000000 0.020000 0.727273 -1.000000
1.000000 0.020000 0.818182 -1.000000
1.000000 0.020000 0.909091 -1.000000
1.000000 0.020000 1.000000 -1.000000
1.000000 0.030000 0.000000 -1.000000
1.000000 0.030000 0.090909 -1.000000
1.000000 0.030000 0.181818 -1.000000
1.000000 0.030000 0.272727 -1.000000
1.000000 0.030000 0.363636 -1.000000
1.000000 0.030000 0.454545 -1.000000
1.000000 0.030000 0.545455 -1.000000
1.000000 0.030000 0.636364 -1.000000
1.000000 0.030000 0.727273 -1.000000
1.000000 0.030000 0.818182 -1.000000
1.000000 0.030000 0.909091 -1.000000
1.000000 0.030000 1.000000 -1.000000
1.000000 0.040000 0.000000 -1.000000
1.000000 0.040000 0.090909 -1.000000
1.000000 0.040000 0.181818 -1.000000
1.000000 0.040000 0.272727 -1.000000
1.000000 0.040000 0.363636 -1.000000
1.000000 0.040000 0.454545 -1.000000
1.000000 0.040000 0.545455 -1.000000
1.000000 0.040000 0.636364 -1.000000
1.000000 0.040000 0.727273 -1.000000
1.000000 0.040000 0.818182 -1.000000
1.000000 0.040000 0.909091 -1.000000
1.000000 0.040000 1.000000 -1.000000
1.000000 0.050000 0.000000 -1.000000
1.000000 0.050000 0.090909 -1.000000
1.000000 0.050000 0.181818 -1.000000
1.000000 0.050000 0.272727 -1.000000
1.000000 0.050000 0.363636 -1.000000
1.000000 0.050000 0.454545 -1.000000
1.000000 0.050000 0.545455 -1.000000
1.000000 0.050000 0.636364 -1.000000
1.000000 0.050000 0.727273 -1.000000
1.000000 0.050000 0.818182 -1.000000
1.000000 0.050000 0.909091 -1.000000
1.000000 0.050000 1.000000 -1.000000
1.000000 0.060000 0.000000 -1.000000
1.000000 0.060000 0.090909 -1.000000
1.000000 0.060000 0.181818 -1.000000
1.000000 0.060000 0.272727 -1.000000
1.000000 0.060000 0.363636 -1.000000
1.000000 0.060000 0.454545 -1.000000
1.000000 0.060000 0.545455 -1.000000
1.000000 0.060000 0.636364 -1.000000
1.000000 0.060000 0.727273 -1.000000
1.000000 0.060000 0.818182 -1.000000
1.000000 0.060000 0.909091 -1.000000
1.000000 0.060000 1.000000 -1.000000
1.000000 0.070000 0.000000 -1.000000
1.000000 0.070000 0.090909 -1.000000
1.000000 0.070000 0.181818 -1.000000
1.000000 0.070000 0.272727 -1.000000
1.000000 0.070000 0.363636 -1.000000
1.000000 0.070000 0.454545 -1.000000
1.000000 0.070000 0.545455 -1.000000
1.000000 0.070000 0.636364 -1.000000
1.000000 0.070000 0.727273 -1.000000
1.000000 0.070000 0.818182 -1.000000
1.000000 0.070000 0.909091 -1.000000
1.000000 0.070000 1.000000 -1.000000
1.000000 0.080000 0.000000 -1.000000
1.000000 0.080000 0.090909 -1.000000
1.000000 0.080000 0.181818 -1.000000
1.000000 0.080000 0.272727 -1.000000
1.000000 0.080000 0.363636 -1.000000
1.000000 0.080000 0.454545 -1.000000
1.000000 0.080000 0.545455 -1.000000
1.000000 0.080000 0.636364 -1.000000
1.000000 0.080000 0.727273 -1.000000
1.000000 0.080000 0.818182 -1.000000
1.000000 0.080000 0.909091 -1.000000
1.000000 0.080000 1.000000 -1.000000
1.000000 0.090000 0.000000 -1.000000
1.000000 0.090000 0.090909 -1.000000
1.000000 0.090000 0.181818 -1.000000
1.000000 0.090000 0.272727 -1.000000
1.000000 0.090000 0.363636 -1.000000
1.000000 0.090000 0.454545 -1.000000
1.000000 0.090000 0.545455 -1.000000
1.000000 0.090000 0.636364 -1.000000
1.000000 0.090000 0.727273 -1.000000
1.000000 0.090000 0.818182 -1.000000
1.000000 0.090000 0.909091 -1.000000
1.000000 0.090000 1.000000 -1.000000
0.000000 0.100000 0.000000 100.000000
0.000000 0.100000 0.090909 100.000000
0.000000 0.100000 0.181818 100.000000
0.000000 0.100000 0.272727 100.000000
0.000000 0.100000 0.363636 100.000000
0.000000 0.100000 0.454545 100.000000
0.000000 0.100000 0.545455 100.000000
0.000000 0.100000 0.636364 100.000000
0.000000 0.100000 0.727273 100.000000
0.000000 0.100000 0.818182 100.000000
0.000000 0.100000 0.909091 100.000000
0.000000 0.100000 1.000000 100.000000
0.090909 0.100000 0.000000 100.000000
0.090909 0.100000 0.090909 100.000000
0.090909 0.100000 0.181818 100.000000
0.090909 0.100000 0.272727 100.000000
0.090909 0.100000 0.363636 100.000000
0.090909 0.100000 0.454545 100.000000
0.090909 0.100000 0.545455 100.000000
0.090909 0.100000 0.636364 100.000000
0.090909 0.100000 0.727273 100.000000
0.090909 0.100000 0.818182 100.000000
0.090909 0.100000 0.909091 100.000000
0.090909 0.100000 1.000000 100.000000
0.181818 0.100000 0.000000 100.000000
0.181818 0.100000 0.090909 100.000000
0.181818 0.100000 0.181818 100.000000
0.181818 0.100000 0.272727 100.000000
0.181818 0.100000 0.363636 100.000000
0.181818 0.100000 0.454545 100.000000
0.181818 0.100000 0.545455 100.000000
0.181818 0.100000 0.636364 100.000000
0.181818 0.100000 0.727273 100.000000
0.181818 0.100000 0.818182 100.000000
0.181818 0.100000 0.909091 100.000000
0.181818 0.100000 1.000000 100.000000
0.272727 0.100000 0.000000 100.000000
0.272727 0.100000 0.090909 100.000000
0.272727 0.100000 0.181818 100.000000
0.272727 0.100000 0.272727 100.000000
0.272727 0.100000 0.363636 100.000000
0.272727 0.100000 0.454545 100.000000
0.272727 0.100000 0.545455 100.000000
0.272727 0.100000 0.636364 100.000000
0.272727 0.100000 0.727273 100.000000
0.272727 0.100000 0.818182 100.000000
0.272727 0.100000 0.909091 100.000000
0.272727 0.100000 1.000000 100.000000
0.363636 0.100000 0.000000 100.000000
0.363636 0.100000 0.090909 100.000000
0.363636 0.100000 0.181818 100.000000
0.363636 0.100000 0.272727 100.000000
0.363636 0.100000 0.363636 100.000000
0.363636 0.100000 0.454545 100.000000
0.363636 0.100000 0.545455 100.000000
0.363636 0.100000 0.636364 100.000000
0.363636 0.100000 0.727273 100.000000
0.363636 0.100000 0.818182 100.000000
0.363636 0.100000 0.909091 100.000000
0.363636 0.100000 1.000000 100.000000
0.454545 0.100000 0.000000 100.000000
0.454545 0.100000 0.090909 100.000000
0.454545 0.100000 0.181818 100.000000
0.454545 0.100000 0.272727 100.000000
0.454545 0.100000 0.363636 100.000000
0.454545 0.100000 0.454545 100.000000
0.454545 0.100000 0.545455 100.000000
0.454545 0.100000 0.636364 100.000000
0.454545 0.100000 0.727273 100.000000
0.454545 0.100000 0.818182 100.000000
0.454545 0.100000 0.909091 100.000000
0.454545 0.100000 1.000000 100.000000
0.545455 0.100000 0.000000 100.000000
0.545455 0.100000 0.090909 100.000000
0.545455 0.100000 0.181818 100.000000
0.545455 0.100000 0.272727 100.000000
0.545455 0.100000 0.363636 100.000000
0.545455 0.100000 0.454545 100.000000
0.545455 0.100000 0.545455 100.000000
0.545455 0.100000 0.636364 100.000000
0.545455 0.100000 0.727273 100.000000
0.545455 0.100000 0.818182 100.000000
0.545455 0.100000 0.909091 100.000000
0.545455 0.100000 1.000000 100.000000
0.636364 0.100000 0.000000 100.000000
0.636364 0.100000 0.090909 100.000000
0.636364 0.100000 0.181818 100.000000
0.636364 0.100000 0.272727 100.000000
0.636364 0.100000 0.363636 100.000000
0.636364 0.100000 0.454545 100.000000
0.636364 0.100000 0.545455 100.000000
0.636364 0.100000 0.636364 100.000000
0.636364 0.100000 0.727273 100.000000
0.636364 0.100000 0.818182 100.000000
0.636364 0.100000 0.909091 100.000000
0.636364 0.100000 1.000000 100.000000
0.727273 0.100000 0.000000 100.000000
0.727273 0.100000 0.090909 100.000000
0.727273 0.100000 0.181818 100.000000
0.727273 0.100000 0.272727 100.000000
0.727273 0.100000 0.363636 100.000000
0.727273 0.100000 0.454545 100.000000
0.727273 0.100000 0.545455 100.000000
0.727273 0.100000 0.636364 100.000000
0.727273 0.100000 0.727273 100.000000
0.727273 0.100000 0.818182 100.000000
0.727273 0.100000 0.909091 100.000000
0.727273 0.100000 1.000000 100.000000
0.818182 0.100000 0.000000 100.000000
0.818182 0.100000 0.090909 100.000000
0.818182 0.100000 0.181818 100.000000
0.818182 0.100000 0.272727 100.000000
0.818182 0.100000 0.363636 100.000000
0.818182 0.100000 0.454545 100.000000
0.818182 0.100000 0.545455 100.000000
0.818182 0.100000 0.636364 100.000000
0.818182 0.100000 0.727273 100.000000
0.818182 0.100000 0.818182 100.000000
0.818182 0.100000 0.909091 100.000000
0.818182 0.100000 1.000000 100.000000
0.909091 0.100000 0.000000 100.000000
0.909091 0.100000 0.090909 100.000000
0.909091 0.100000 0.181818 100.000000
0.909091 0.100000 0.272727 100.000000
0.909091 0.100000 0.363636 100.000000
0.909091 0.100000 0.454545 100.000000
0.909091 0.100000 0.545455 100.000000
0.909091 0.100000 0.636364 100.000000
0.909091 0.100000 0.727273 100.000000
0.909091 0.100000 0.818182 100.000000
0.909091 0.100000 0.909091 100.000000
0.909091 0.100000 1.000000 100.000000
1.000000 0.100000 0.000000 100.000000
1.000000 0.100000 0.090909 100.000000
1.000000 0.100000 0.181818 100.000000
1.000000 0.100000 0.272727 100.000000
1.000000 0.100000 0.363636 100.000000
1.000000 0.100000 0.454545 100.000000
1.000000 0.100000 0.545455 100.000000
1.000000 0.100000 0.636364 100.000000
1.000000 0.100000 0.727273 100.000000
1.000000 0.100000 0.818182 100.000000
1.000000 0.100000 0.909091 100.000000
1.000000 0.100000 1.000000 100.000000
0.000000 0.000000 0.000000 0.000000
0.000000 0.000000 0.090909 0.000000
0.000000 0.000000 0.181818 0.000000
0.000000 0.000000 0.272727 0.000000
0.000000 0.000000 0.363636 0.000000
0.000000 0.000000 0.454545 0.000000
0.000000 0.000000 0.545455 0.000000
0.000000 0.000000 0.636364 0.000000
0.000000 0.000000 0.727273 0.000000
0.000000 0.000000 0.818182 0.000000
0.000000 0.000000 0.909091 0.000000
0.000000 0.000000 1.000000 0.000000
0.090909 0.000000 0.000000 0.000000
0.090909 0.000000 0.090909 0.000000
0.090909 0.000000 0.181818 0.000000
0.090909 0.000000 0.272727 0.000000
0.090909 0.000000 0.363636 0.000000
0.090909 0.000000 0.454545 0.000000
0.090909 0.000000 0.545455 0.000000
0.090909 0.000000 0.636364 0.000000
0.090909 0.000000 0.727273 0.000000
0.090909 0.000000 0.818182 0.000000
0.090909 0.000000 0.909091 0.000000
0.090909 0.000000 1.000000 0.000000
0.181818 0.000000 0.000000 0.000000
0.181818 0.000000 0.090909 0.000000
0.181818 0.000000 0.181818 0.000000
0.181818 0.000000 0.272727 0.000000
0.181818 0.000000 0.363636 0.000000
0.181818 0.000000 0.454545 0.000000
0.181818 0.000000 0.545455 0.000000
0.181818 0.000000 0.636364 0.000000
0.181818 0.000000 0.727273 0.000000
0.181818 0.000000 0.818182 0.000000
0.181818 0.000000 0.909091 0.000000
0.181818 0.000000 1.000000 0.000000
0.272727 0.000000 0.000000 0.000000
0.272727 0.000000 0.090909 0.000000
0.272727 0.000000 0.181818 0.000000
0.272727 0.000000 0.272727 0.000000
0.272727 0.000000 0.363636 0.000000
0.272727 0.000000 0.454545 0.000000
0.272727 0.000000 0.545455 0.000000
0.272727 0.000000 0.636364 0.000000
0.272727 0.000000 0.727273 0.000000
0.272727 0.000000 0.818182 0.000000
0.272727 0.000000 0.909091 0.000000
0.272727 0.000000 1.000000 0.000000
0.363636 0.000000 0.000000 0.000000
0.363636 0.000000 0.090909 0.000000
0.363636 0.000000 0.181818 0.000000
0.363636 0.000000 0.272727 0.000000
0.363636 0.000000 0.363636 0.000000
0.363636 0.000000 0.454545 0.000000
0.363636 0.000000 0.545455 0.000000
0.363636 0.000000 0.636364 0.000000
0.363636 0.000000 0.727273 0.000000
0.363636 0.000000 0.818182 0.000000
0.363636 0.000000 0.909091 0.000000
0.363636 0.000000 1.000000 0.000000
0.454545 0.000000 0.000000 0.000000
0.454545 0.000000 0.090909 0.000000
0.454545 0.000000 0.181818 0.000000
0.454545 0.000000 0.272727 0.000000
0.454545 0.000000 0.363636 0.000000
0.454545 0.000000 0.454545 0.000000
0.454545 0.000000 0.545455 0.000000
0.454545 0.000000 0.636364 0.000000
0.454545 0.000000 0.727273 0.000000
0.454545 0.000000 0.818182 0.000000
0.454545 0.000000 0.909091 0.000000
0.454545 0.000000 1.000000 0.000000
0.545455 0.000000 0.000000 0.000000
0.545455 0.000000 0.090909 0.000000
0.545455 0.000000 0.181818 0.000000
0.545455 0.000000 0.272727 0.000000
0.545455 0.000000 0.363636 0.000000
0.545455 0.000000 0.454545 0.000000
0.545455 0.000000 0.545455 0.000000
0.545455 0.000000 0.636364 0.000000
0.545455 0.000000 0.727273 0.000000
0.545455 0.000000 0.818182 0.000000
0.545455 0.000000 0.909091 0.000000
0.545455 0.000000 1.000000 0.000000
0.636364 0.000000 0.000000 0.000000
0.636364 0.000000 0.090909 0.000000
0.636364 0.000000 0.181818 0.000000
0.636364 0.000000 0.272727 0.000000
0.636364 0.000000 0.363636 0.000000
0.636364 0.000000 0.454545 0.000000
0.636364 0.000000 0.545455 0.000000
0.636364 0.000000 0.636364 0.000000
0.636364 0.000000 0.727273 0.000000
0.636364 0.000000 0.818182 0.000000
0.636364 0.000000 0.909091 0.000000
0.636364 0.000000 1.000000 0.000000
0.727273 0.000000 0.000000 0.000000
0.727273 0.000000 0.090909 0.000000
0.727273 0.000000 0.181818 0.000000
0.727273 0.000000 0.272727 0.000000
0.727273 0.000000 0.363636 0.000000
0.727273 0.000000 0.454545 0.000000
0.727273 0.000000 0.545455 0.000000
0.727273 0.000000 0.636364 0.000000
0.727273 0.000000 0.727273 0.000000
0.727273 0.000000 0.818182 0.000000
0.727273 0.000000 0.909091 0.000000
0.727273 0.000000 1.000000 0.000000
0.818182 0.000000 0.000000 0.000000
0.818182 0.000000 0.090909 0.000000
0.818182 0.000000 0.181818 0.000000
0.818182 0.000000 0.272727 0.000000
0.818182 0.000000 0.363636 0.000000
0.818182 0.000000 0.454545 0.000000
0.818182 0.000000 0.545455 0.000000
0.818182 0.000000 0.636364 0.000000
0.818182 0.000000 0.727273 0.000000
0.818182 0.000000 0.818182 0.000000
0.818182 0.000000 0.909091 0.000000
0.818182 0.000000 1.000000 0.000000
0.909091 0.000000 0.000000 0.000000
0.909091 0.000000 0.090909 0.000000
0.909091 0.000000 0.181818 0.000000
0.909091 0.000000 0.272727 0.000000
0.909091 0.000000 0.363636 0.000000
0.909091 0.000000 0.454545 0.000000
0.909091 0.000000 0.545455 0.000000
0.909091 0.000000 0.636364 0.000000
0.909091 0.000000 0.727273 0.000000
0.909091 0.000000 0.818182 0.000000
0.909091 0.000000 0.909091 0.000000
0.909091 0.000000 1.000000 0.000000
1.000000 0.000000 0.000000 0.000000
1.000000 0.000000 0.090909 0.000000
1.000000 0.000000 0.181818 0.000000
1.000000 0.000000 0.272727 0.000000
1.000000 0.000000 0.363636 0.000000
1.000000 0.000000 0.454545 0.000000
1.000000 0.000000 0.545455 0.000000
1.000000 0.000000 0.636364 0.000000
1.000000 0.000000 0.727273 0.000000
1.000000 0.000000 0.818182 0.000000
1.000000 0.000000 0.909091 0.000000
1.000000 0.000000 1.000000 0.000000
