0.166667 0.012500 0.166667 -1.000000
0.166667 0.012500 0.333333 -1.000000
0.166667 0.012500 0.500000 -1.000000
0.166667 0.012500 0.666667 -1.000000
0.166667 0.012500 0.833333 -1.000000
0.166667 0.025000 0.166667 -1.000000
0.166667 0.025000 0.333333 -1.000000
0.166667 0.025000 0.500000 -1.000000
0.166667 0.025000 0.666667 -1.000000
0.166667 0.025000 0.833333 -1.000000
0.166667 0.037500 0.166667 -1.000000
0.166667 0.037500 0.333333 -1.000000
0.166667 0.037500 0.500000 -1.000000
0.166667 0.037500 0.666667 -1.000000
0.166667 0.037500 0.833333 -1.000000
0.166667 0.050000 0.166667 -1.000000
0.166667 0.050000 0.333333 -1.000000
0.166667 0.050000 0.500000 -1.000000
0.166667 0.050000 0.666667 -1.000000
0.166667 0.050000 0.833333 -1.000000
0.166667 0.062500 0.166667 -1.000000
0.166667 0.062500 0.333333 -1.000000
0.166667 0.062500 0.500000 -1.000000
0.166667 0.062500 0.666667 -1.000000
0.166667 0.062500 0.833333 -1.000000
0.166667 0.075000 0.166667 -1.000000
0.166667 0.075000 0.333333 -1.000000
0.166667 0.075000 0.500000 -1.000000
0.166667 0.075000 0.666667 -1.000000
0.166667 0.075000 0.833333 -1.000000
0.166667 0.087500 0.166667 -1.000000
0.166667 0.087500 0.333333 -1.000000
0.166667 0.087500 0.500000 -1.000000
0.166667 0.087500 0.666667 -1.000000
0.166667 0.087500 0.833333 -1.000000
0.333333 0.012500 0.166667 -1.000000
0.333333 0.012500 0.333333 -1.000000
0.333333 0.012500 0.500000 -1.000000
0.333333 0.012500 0.666667 -1.000000
0.333333 0.012500 0.833333 -1.000000
0.333333 0.025000 0.166667 -1.000000
0.333333 0.025000 0.333333 -1.000000
0.333333 0.025000 0.500000 -1.000000
0.333333 0.025000 0.666667 -1.000000
0.333333 0.025000 0.833333 -1.000000
0.333333 0.037500 0.166667 -1.000000
0.333333 0.037500 0.333333 -1.000000
0.333333 0.037500 0.500000 -1.000000
0.333333 0.037500 0.666667 -1.000000
0.333333 0.037500 0.833333 -1.000000
0.333333 0.050000 0.166667 -1.000000
0.333333 0.050000 0.333333 -1.000000
0.333333 0.050000 0.500000 -1.000000
0.333333 0.050000 0.666667 -1.000000
0.333333 0.050000 0.833333 -1.000000
0.333333 0.062500 0.166667 -1.000000
0.333333 0.062500 0.333333 -1.000000
0.333333 0.062500 0.500000 -1.000000
0.333333 0.062500 0.666667 -1.000000
0.333333 0.062500 0.833333 -1.000000
0.333333 0.075000 0.166667 -1.000000
0.333333 0.075000 0.333333 -1.000000
0.333333 0.075000 0.500000 -1.000000
0.333333 0.075000 0.666667 -1.000000
0.333333 0.075000 0.833333 -1.000000
0.333333 0.087500 0.166667 -1.000000
0.333333 0.087500 0.333333 -1.000000
0.333333 0.087500 0.500000 -1.000000
0.333333 0.087500 0.666667 -1.000000
0.333333 0.087500 0.833333 -1.000000
0.500000 0.012500 0.166667 -1.000000
0.500000 0.012500 0.333333 -1.000000
0.500000 0.012500 0.500000 -1.000000
0.500000 0.012500 0.666667 -1.000000
0.500000 0.012500 0.833333 -1.000000
0.500000 0.025000 0.166667 -1.000000
0.500000 0.025000 0.333333 -1.000000
0.500000 0.025000 0.500000 -1.000000
0.500000 0.025000 0.666667 -1.000000
0.500000 0.025000 0.833333 -1.000000
0.500000 0.037500 0.166667 -1.000000
0.500000 0.037500 0.333333 -1.000000
0.500000 0.037500 0.500000 -1.000000
0.500000 0.037500 0.666667 -1.000000
0.500000 0.037500 0.833333 -1.000000
0.500000 0.050000 0.166667 -1.000000
0.500000 0.050000 0.333333 -1.000000
0.500000 0.050000 0.500000 -1.000000
0.500000 0.050000 0.666667 -1.000000
0.500000 0.050000 0.833333 -1.000000
0.500000 0.062500 0.166667 -1.000000
0.500000 0.062500 0.333333 -1.000000
0.500000 0.062500 0.500000 -1.000000
0.500000 0.062500 0.666667 -1.000000
0.500000 0.062500 0.833333 -1.000000
0.500000 0.075000 0.166667 -1.000000
0.500000 0.075000 0.333333 -1.000000
0.500000 0.075000 0.500000 -1.000000
0.500000 0.075000 0.666667 -1.000000
0.500000 0.075000 0.833333 -1.000000
0.500000 0.087500 0.166667 -1.000000
0.500000 0.087500 0.333333 -1.000000
0.500000 0.087500 0.500000 -1.000000
0.500000 0.087500 0.666667 -1.000000
0.500000 0.087500 0.833333 -1.000000
0.666667 0.012500 0.166667 -1.000000
0.666667 0.012500 0.333333 -1.000000
0.666667 0.012500 0.500000 -1.000000
0.666667 0.012500 0.666667 -1.000000
0.666667 0.012500 0.833333 -1.000000
0.666667 0.025000 0.166667 -1.000000
0.666667 0.025000 0.333333 -1.000000
0.666667 0.025000 0.500000 -1.000000
0.666667 0.025000 0.666667 -1.000000
0.666667 0.025000 0.833333 -1.000000
0.666667 0.037500 0.166667 -1.000000
0.666667 0.037500 0.333333 -1.000000
0.666667 0.037500 0.500000 -1.000000
0.666667 0.037500 0.666667 -1.000000
0.666667 0.037500 0.833333 -1.000000
0.666667 0.050000 0.166667 -1.000000
0.666667 0.050000 0.333333 -1.000000
0.666667 0.050000 0.500000 -1.000000
0.666667 0.050000 0.666667 -1.000000
0.666667 0.050000 0.833333 -1.000000
0.666667 0.062500 0.166667 -1.000000
0.666667 0.062500 0.333333 -1.000000
0.666667 0.062500 0.500000 -1.000000
0.666667 0.062500 0.666667 -1.000000
0.666667 0.062500 0.833333 -1.000000
0.666667 0.075000 0.166667 -1.000000
0.666667 0.075000 0.333333 -1.000000
0.666667 0.075000 0.500000 -1.000000
0.666667 0.075000 0.666667 -1.000000
0.666667 0.075000 0.833333 -1.000000
0.666667 0.087500 0.166667 -1.000000
0.666667 0.087500 0.333333 -1.000000
0.666667 0.087500 0.500000 -1.000000
0.666667 0.087500 0.666667 -1.000000
0.666667 0.087500 0.833333 -1.000000
0.833333 0.012500 0.166667 -1.000000
0.833333 0.012500 0.333333 -1.000000
0.833333 0.012500 0.500000 -1.000000
0.833333 0.012500 0.666667 -1.000000
0.833333 0.012500 0.833333 -1.000000
0.833333 0.025000 0.166667 -1.000000
0.833333 0.025000 0.333333 -1.000000
0.833333 0.025000 0.500000 -1.000000
0.833333 0.025000 0.666667 -1.000000
0.833333 0.025000 0.833333 -1.000000
0.833333 0.037500 0.166667 -1.000000
0.833333 0.037500 0.333333 -1.000000
0.833333 0.037500 0.500000 -1.000000
0.833333 0.037500 0.666667 -1.000000
0.833333 0.037500 0.833333 -1.000000
0.833333 0.050000 0.166667 -1.000000
0.833333 0.050000 0.333333 -1.000000
0.833333 0.050000 0.500000 -1.000000
0.833333 0.050000 0.666667 -1.000000
0.833333 0.050000 0.833333 -1.000000
0.833333 0.062500 0.166667 -1.000000
0.833333 0.062500 0.333333 -1.000000
0.833333 0.062500 0.500000 -1.000000
0.833333 0.062500 0.666667 -1.000000
0.833333 0.062500 0.833333 -1.000000
0.833333 0.075000 0.166667 -1.000000
0.833333 0.075000 0.333333 -1.000000
0.833333 0.075000 0.500000 -1.000000
0.833333 0.075000 0.666667 -1.000000
0.833333 0.075000 0.833333 -1.000000
0.833333 0.087500 0.166667 -1.000000
0.833333 0.087500 0.333333 -1.000000
0.833333 0.087500 0.500000 -1.000000
0.833333 0.087500 0.666667 -1.000000
0.833333 0.087500 0.833333 -1.000000
0.000000 0.012500 0.000000 -1.000000
0.000000 0.012500 0.166667 -1.000000
0.000000 0.012500 0.333333 -1.000000
0.000000 0.012500 0.500000 -1.000000
0.000000 0.012500 0.666667 -1.000000
0.000000 0.012500 0.833333 -1.000000
0.000000 0.012500 1.000000 -1.000000
0.000000 0.025000 0.000000 -1.000000
0.000000 0.025000 0.166667 -1.000000
0.000000 0.025000 0.333333 -1.000000
0.000000 0.025000 0.500000 -1.000000
0.000000 0.025000 0.666667 -1.000000
0.000000 0.025000 0.833333 -1.000000
0.000000 0.025000 1.000000 -1.000000
0.000000 0.037500 0.000000 -1.000000
0.000000 0.037500 0.166667 -1.000000
0.000000 0.037500 0.333333 -1.000000
0.000000 0.037500 0.500000 -1.000000
0.000000 0.037500 0.666667 -1.000000
0.000000 0.037500 0.833333 -1.000000
0.000000 0.037500 1.000000 -1.000000
0.000000 0.050000 0.000000 -1.000000
0.000000 0.050000 0.166667 -1.000000
0.000000 0.050000 0.333333 -1.000000
0.000000 0.050000 0.500000 -1.000000
0.000000 0.050000 0.666667 -1.000000
0.000000 0.050000 0.833333 -1.000000
0.000000 0.050000 1.000000 -1.000000
0.000000 0.062500 0.000000 -1.000000
0.000000 0.062500 0.166667 -1.000000
0.000000 0.062500 0.333333 -1.000000
0.000000 0.062500 0.500000 -1.000000
0.000000 0.062500 0.666667 -1.000000
0.000000 0.062500 0.833333 -1.000000
0.000000 0.062500 1.000000 -1.000000
0.000000 0.075000 0.000000 -1.000000
0.000000 0.075000 0.166667 -1.000000
0.000000 0.075000 0.333333 -1.000000
0.000000 0.075000 0.500000 -1.000000
0.000000 0.075000 0.666667 -1.000000
0.000000 0.075000 0.833333 -1.000000
0.000000 0.075000 1.000000 -1.000000
0.000000 0.087500 0.000000 -1.000000
0.000000 0.087500 0.166667 -1.000000
0.000000 0.087500 0.333333 -1.000000
0.000000 0.087500 0.500000 -1.000000
0.000000 0.087500 0.666667 -1.000000
0.000000 0.087500 0.833333 -1.000000
0.000000 0.087500 1.000000 -1.000000
0.166667 0.012500 0.000000 -1.000000
0.166667 0.012500 1.000000 -1.000000
0.166667 0.025000 0.000000 -1.000000
0.166667 0.025000 1.000000 -1.000000
0.166667 0.037500 0.000000 -1.000000
0.166667 0.037500 1.000000 -1.000000
0.166667 0.050000 0.000000 -1.000000
0.166667 0.050000 1.000000 -1.000000
0.166667 0.062500 0.000000 -1.000000
0.166667 0.062500 1.000000 -1.000000
0.166667 0.075000 0.000000 -1.000000
0.166667 0.075000 1.000000 -1.000000
0.166667 0.087500 0.000000 -1.000000
0.166667 0.087500 1.000000 -1.000000
0.333333 0.012500 0.000000 -1.000000
0.333333 0.012500 1.000000 -1.000000
0.333333 0.025000 0.000000 -1.000000
0.333333 0.025000 1.000000 -1.000000
0.333333 0.037500 0.000000 -1.000000
0.333333 0.037500 1.000000 -1.000000
0.333333 0.050000 0.000000 -1.000000
0.333333 0.050000 1.000000 -1.000000
0.333333 0.062500 0.000000 -1.000000
0.333333 0.062500 1.000000 -1.000000
0.333333 0.075000 0.000000 -1.000000
0.333333 0.075000 1.000000 -1.000000
0.333333 0.087500 0.000000 -1.000000
0.333333 0.087500 1.000000 -1.000000
0.500000 0.012500 0.000000 -1.000000
0.500000 0.012500 1.000000 -1.000000
0.500000 0.025000 0.000000 -1.000000
0.500000 0.025000 1.000000 -1.000000
0.500000 0.037500 0.000000 -1.000000
0.500000 0.037500 1.000000 -1.000000
0.500000 0.050000 0.000000 -1.000000
0.500000 0.050000 1.000000 -1.000000
0.500000 0.062500 0.000000 -1.000000
0.500000 0.062500 1.000000 -1.000000
0.500000 0.075000 0.000000 -1.000000
0.500000 0.075000 1.000000 -1.000000
0.500000 0.087500 0.000000 -1.000000
0.500000 0.087500 1.000000 -1.000000
0.666667 0.012500 0.000000 -1.000000
0.666667 0.012500 1.000000 -1.000000
0.666667 0.025000 0.000000 -1.000000
0.666667 0.025000 1.000000 -1.000000
0.666667 0.037500 0.000000 -1.000000
0.666667 0.037500 1.000000 -1.000000
0.666667 0.050000 0.000000 -1.000000
0.666667 0.050000 1.000000 -1.000000
0.666667 0.062500 0.000000 -1.000000
0.666667 0.062500 1.000000 -1.000000
0.666667 0.075000 0.000000 -1.000000
0.666667 0.075000 1.000000 -1.000000
0.666667 0.087500 0.000000 -1.000000
0.666667 0.087500 1.000000 -1.000000
0.833333 0.012500 0.000000 -1.000000
0.833333 0.012500 1.000000 -1.000000
0.833333 0.025000 0.000000 -1.000000
0.833333 0.025000 1.000000 -1.000000
0.833333 0.037500 0.000000 -1.000000
0.833333 0.037500 1.000000 -1.000000
0.833333 0.050000 0.000000 -1.000000
0.833333 0.050000 1.000000 -1.000000
0.833333 0.062500 0.000000 -1.000000
0.833333 0.062500 1.000000 -1.000000
0.833333 0.075000 0.000000 -1.000000
0.833333 0.075000 1.000000 -1.000000
0.833333 0.087500 0.000000 -1.000000
0.833333 0.087500 1.000000 -1.000000
1.000000 0.012500 0.000000 -1.000000
1.000000 0.012500 0.166667 -1.000000
1.000000 0.012500 0.333333 -1.000000
1.000000 0.012500 0.500000 -1.000000
1.000000 0.012500 0.666667 -1.000000
1.000000 0.012500 0.833333 -1.000000
1.000000 0.012500 1.000000 -1.000000
1.000000 0.025000 0.000000 -1.000000
1.000000 0.025000 0.166667 -1.000000
1.000000 0.025000 0.333333 -1.000000
1.000000 0.025000 0.500000 -1.000000
1.000000 0.025000 0.666667 -1.000000
1.000000 0.025000 0.833333 -1.000000
1.000000 0.025000 1.000000 -1.000000
1.000000 0.037500 0.000000 -1.000000
1.000000 0.037500 0.166667 -1.000000
1.000000 0.037500 0.333333 -1.000000
1.000000 0.037500 0.500000 -1.000000
1.000000 0.037500 0.666667 -1.000000
1.000000 0.037500 0.833333 -1.000000
1.000000 0.037500 1.000000 -1.000000
1.000000 0.050000 0.000000 -1.000000
1.000000 0.050000 0.166667 -1.000000
1.000000 0.050000 0.333333 -1.000000
1.000000 0.050000 0.500000 -1.000000
1.000000 0.050000 0.666667 -1.000000
1.000000 0.050000 0.833333 -1.000000
1.000000 0.050000 1.000000 -1.000000
1.000000 0.062500 0.000000 -1.000000
1.000000 0.062500 0.166667 -1.000000
1.000000 0.062500 0.333333 -1.000000
1.000000 0.062500 0.500000 -1.000000
1.000000 0.062500 0.666667 -1.000000
1.000000 0.062500 0.833333 -1.000000
1.000000 0.062500 1.000000 -1.000000
1.000000 0.075000 0.000000 -1.000000
1.000000 0.075000 0.166667 -1.000000
1.000000 0.075000 0.333333 -1.000000
1.000000 0.075000 0.500000 -1.000000
1.000000 0.075000 0.666667 -1.000000
1.000000 0.075000 0.833333 -1.000000
1.000000 0.075000 1.000000 -1.000000
1.000000 0.087500 0.000000 -1.000000
1.000000 0.087500 0.166667 -1.000000
1.000000 0.087500 0.333333 -1.000000
1.000000 0.087500 0.500000 -1.000000
1.000000 0.087500 0.666667 -1.000000
1.000000 0.087500 0.833333 -1.000000
1.000000 0.087500 1.000000 -1.000000
0.000000 0.100000 0.000000 100.000000
0.000000 0.100000 0.166667 100.000000
0.000000 0.100000 0.333333 100.000000
0.000000 0.100000 0.500000 100.000000
0.000000 0.100000 0.666667 100.000000
0.000000 0.100000 0.833333 100.000000
0.000000 0.100000 1.000000 100.000000
0.166667 0.100000 0.000000 100.000000
0.166667 0.100000 0.166667 100.000000
0.166667 0.100000 0.333333 100.000000
0.166667 0.100000 0.500000 100.000000
0.166667 0.100000 0.666667 100.000000
0.166667 0.100000 0.833333 100.000000
0.166667 0.100000 1.000000 100.000000
0.333333 0.100000 0.000000 100.000000
0.333333 0.100000 0.166667 100.000000
0.333333 0.100000 0.333333 100.000000
0.333333 0.100000 0.500000 100.000000
0.333333 0.100000 0.666667 100.000000
0.333333 0.100000 0.833333 100.000000
0.333333 0.100000 1.000000 100.000000
0.500000 0.100000 0.000000 100.000000
0.500000 0.100000 0.166667 100.000000
0.500000 0.100000 0.333333 100.000000
0.500000 0.100000 0.500000 100.000000
0.500000 0.100000 0.666667 100.000000
0.500000 0.100000 0.833333 100.000000
0.500000 0.100000 1.000000 100.000000
0.666667 0.100000 0.000000 100.000000
0.666667 0.100000 0.166667 100.000000
0.666667 0.100000 0.333333 100.000000
0.666667 0.100000 0.500000 100.000000
0.666667 0.100000 0.666667 100.000000
0.666667 0.100000 0.833333 100.000000
0.666667 0.100000 1.000000 100.000000
0.833333 0.100000 0.000000 100.000000
0.833333 0.100000 0.166667 100.000000
0.833333 0.100000 0.333333 100.000000
0.833333 0.100000 0.500000 100.000000
0.833333 0.100000 0.666667 100.000000
0.833333 0.100000 0.833333 100.000000
0.833333 0.100000 1.000000 100.000000
1.000000 0.100000 0.000000 100.000000
1.000000 0.100000 0.166667 100.000000
1.000000 0.100000 0.333333 100.000000
1.000000 0.100000 0.500000 100.000000
1.000000 0.100000 0.666667 100.000000
1.000000 0.100000 0.833333 100.000000
1.000000 0.100000 1.000000 100.000000
0.000000 0.000000 0.000000 0.000000
0.000000 0.000000 0.166667 0.000000
0.000000 0.000000 0.333333 0.000000
0.000000 0.000000 0.500000 0.000000
0.000000 0.000000 0.666667 0.000000
0.000000 0.000000 0.833333 0.000000
0.000000 0.000000 1.000000 0.000000
0.166667 0.000000 0.000000 0.000000
0.166667 0.000000 0.166667 0.000000
0.166667 0.000000 0.333333 0.000000
0.166667 0.000000 0.500000 0.000000
0.166667 0.000000 0.666667 0.000000
0.166667 0.000000 0.833333 0.000000
0.166667 0.000000 1.000000 0.000000
0.333333 0.000000 0.000000 0.000000
0.333333 0.000000 0.166667 0.000000
0.333333 0.000000 0.333333 0.000000
0.333333 0.000000 0.500000 0.000000
0.333333 0.000000 0.666667 0.000000
0.333333 0.000000 0.833333 0.000000
0.333333 0.000000 1.000000 0.000000
0.500000 0.000000 0.000000 0.000000
0.500000 0.000000 0.166667 0.000000
0.500000 0.000000 0.333333 0.000000
0.500000 0.000000 0.500000 0.000000
0.500000 0.000000 0.666667 0.000000
0.500000 0.000000 0.833333 0.000000
0.500000 0.000000 1.000000 0.000000
0.666667 0.000000 0.000000 0.000000
0.666667 0.000000 0.166667 0.000000
0.666667 0.000000 0.333333 0.000000
0.666667 0.000000 0.500000 0.000000
0.666667 0.000000 0.666667 0.000000
0.666667 0.000000 0.833333 0.000000
0.666667 0.000000 1.000000 0.000000
0.833333 0.000000 0.000000 0.000000
0.833333 0.000000 0.166667 0.000000
0.833333 0.000000 0.333333 0.000000
0.833333 0.000000 0.500000 0.000000
0.833333 0.000000 0.666667 0.000000
0.833333 0.000000 0.833333 0.000000
0.833333 0.000000 1.000000 0.000000
1.000000 0.000000 0.000000 0.000000
1.000000 0.000000 0.166667 0.000000
1.000000 0.000000 0.333333 0.000000
1.000000 0.000000 0.500000 0.000000
1.000000 0.000000 0.666667 0.000000
1.000000 0.000000 0.833333 0.000000
1.000000 0.000000 1.000000 0.000000
