0.166667 0.010000 0.166667 -1.000000
0.166667 0.010000 0.333333 -1.000000
0.166667 0.010000 0.500000 -1.000000
0.166667 0.010000 0.666667 -1.000000
0.166667 0.010000 0.833333 -1.000000
0.166667 0.020000 0.166667 -1.000000
0.166667 0.020000 0.333333 -1.000000
0.166667 0.020000 0.500000 -1.000000
0.166667 0.020000 0.666667 -1.000000
0.166667 0.020000 0.833333 -1.000000
0.166667 0.030000 0.166667 -1.000000
0.166667 0.030000 0.333333 -1.000000
0.166667 0.030000 0.500000 -1.000000
0.166667 0.030000 0.666667 -1.000000
0.166667 0.030000 0.833333 -1.000000
0.166667 0.040000 0.166667 -1.000000
0.166667 0.040000 0.333333 -1.000000
0.166667 0.040000 0.500000 -1.000000
0.166667 0.040000 0.666667 -1.000000
0.166667 0.040000 0.833333 -1.000000
0.166667 0.050000 0.166667 -1.000000
0.166667 0.050000 0.333333 -1.000000
0.166667 0.050000 0.500000 -1.000000
0.166667 0.050000 0.666667 -1.000000
0.166667 0.050000 0.833333 -1.000000
0.166667 0.060000 0.166667 -1.000000
0.166667 0.060000 0.333333 -1.000000
0.166667 0.060000 0.500000 -1.000000
0.166667 0.060000 0.666667 -1.000000
0.166667 0.060000 0.833333 -1.000000
0.166667 0.070000 0.166667 -1.000000
0.166667 0.070000 0.333333 -1.000000
0.166667 0.070000 0.500000 -1.000000
0.166667 0.070000 0.666667 -1.000000
0.166667 0.070000 0.833333 -1.000000
0.166667 0.080000 0.166667 -1.000000
0.166667 0.080000 0.333333 -1.000000
0.166667 0.080000 0.500000 -1.000000
0.166667 0.080000 0.666667 -1.000000
0.166667 0.080000 0.833333 -1.000000
0.166667 0.090000 0.166667 -1.000000
0.166667 0.090000 0.333333 -1.000000
0.166667 0.090000 0.500000 -1.000000
0.166667 0.090000 0.666667 -1.000000
0.166667 0.090000 0.833333 -1.000000
0.333333 0.010000 0.166667 -1.000000
0.333333 0.010000 0.333333 -1.000000
0.333333 0.010000 0.500000 -1.000000
0.333333 0.010000 0.666667 -1.000000
0.333333 0.010000 0.833333 -1.000000
0.333333 0.020000 0.166667 -1.000000
0.333333 0.020000 0.333333 -1.000000
0.333333 0.020000 0.500000 -1.000000
0.333333 0.020000 0.666667 -1.000000
0.333333 0.020000 0.833333 -1.000000
0.333333 0.030000 0.166667 -1.000000
0.333333 0.030000 0.333333 -1.000000
0.333333 0.030000 0.500000 -1.000000
0.333333 0.030000 0.666667 -1.000000
0.333333 0.030000 0.833333 -1.000000
0.333333 0.040000 0.166667 -1.000000
0.333333 0.040000 0.333333 -1.000000
0.333333 0.040000 0.500000 -1.000000
0.333333 0.040000 0.666667 -1.000000
0.333333 0.040000 0.833333 -1.000000
0.333333 0.050000 0.166667 -1.000000
0.333333 0.050000 0.333333 -1.000000
0.333333 0.050000 0.500000 -1.000000
0.333333 0.050000 0.666667 -1.000000
0.333333 0.050000 0.833333 -1.000000
0.333333 0.060000 0.166667 -1.000000
0.333333 0.060000 0.333333 -1.000000
0.333333 0.060000 0.500000 -1.000000
0.333333 0.060000 0.666667 -1.000000
0.333333 0.060000 0.833333 -1.000000
0.333333 0.070000 0.166667 -1.000000
0.333333 0.070000 0.333333 -1.000000
0.333333 0.070000 0.500000 -1.000000
0.333333 0.070000 0.666667 -1.000000
0.333333 0.070000 0.833333 -1.000000
0.333333 0.080000 0.166667 -1.000000
0.333333 0.080000 0.333333 -1.000000
0.333333 0.080000 0.500000 -1.000000
0.333333 0.080000 0.666667 -1.000000
0.333333 0.080000 0.833333 -1.000000
0.333333 0.090000 0.166667 -1.000000
0.333333 0.090000 0.333333 -1.000000
0.333333 0.090000 0.500000 -1.000000
0.333333 0.090000 0.666667 -1.000000
0.333333 0.090000 0.833333 -1.000000
0.500000 0.010000 0.166667 -1.000000
0.500000 0.010000 0.333333 -1.000000
0.500000 0.010000 0.500000 -1.000000
0.500000 0.010000 0.666667 -1.000000
0.500000 0.010000 0.833333 -1.000000
0.500000 0.020000 0.166667 -1.000000
0.500000 0.020000 0.333333 -1.000000
0.500000 0.020000 0.500000 -1.000000
0.500000 0.020000 0.666667 -1.000000
0.500000 0.020000 0.833333 -1.000000
0.500000 0.030000 0.166667 -1.000000
0.500000 0.030000 0.333333 -1.000000
0.500000 0.030000 0.500000 -1.000000
0.500000 0.030000 0.666667 -1.000000
0.500000 0.030000 0.833333 -1.000000
0.500000 0.040000 0.166667 -1.000000
0.500000 0.040000 0.333333 -1.000000
0.500000 0.040000 0.500000 -1.000000
0.500000 0.040000 0.666667 -1.000000
0.500000 0.040000 0.833333 -1.000000
0.500000 0.050000 0.166667 -1.000000
0.500000 0.050000 0.333333 -1.000000
0.500000 0.050000 0.500000 -1.000000
0.500000 0.050000 0.666667 -1.000000
0.500000 0.050000 0.833333 -1.000000
0.500000 0.060000 0.166667 -1.000000
0.500000 0.060000 0.333333 -1.000000
0.500000 0.060000 0.500000 -1.000000
0.500000 0.060000 0.666667 -1.000000
0.500000 0.060000 0.833333 -1.000000
0.500000 0.070000 0.166667 -1.000000
0.500000 0.070000 0.333333 -1.000000
0.500000 0.070000 0.500000 -1.000000
0.500000 0.070000 0.666667 -1.000000
0.500000 0.070000 0.833333 -1.000000
0.500000 0.080000 0.166667 -1.000000
0.500000 0.080000 0.333333 -1.000000
0.500000 0.080000 0.500000 -1.000000
0.500000 0.080000 0.666667 -1.000000
0.500000 0.080000 0.833333 -1.000000
0.500000 0.090000 0.166667 -1.000000
0.500000 0.090000 0.333333 -1.000000
0.500000 0.090000 0.500000 -1.000000
0.500000 0.090000 0.666667 -1.000000
0.500000 0.090000 0.833333 -1.000000
0.666667 0.010000 0.166667 -1.000000
0.666667 0.010000 0.333333 -1.000000
0.666667 0.010000 0.500000 -1.000000
0.666667 0.010000 0.666667 -1.000000
0.666667 0.010000 0.833333 -1.000000
0.666667 0.020000 0.166667 -1.000000
0.666667 0.020000 0.333333 -1.000000
0.666667 0.020000 0.500000 -1.000000
0.666667 0.020000 0.666667 -1.000000
0.666667 0.020000 0.833333 -1.000000
0.666667 0.030000 0.166667 -1.000000
0.666667 0.030000 0.333333 -1.000000
0.666667 0.030000 0.500000 -1.000000
0.666667 0.030000 0.666667 -1.000000
0.666667 0.030000 0.833333 -1.000000
0.666667 0.040000 0.166667 -1.000000
0.666667 0.040000 0.333333 -1.000000
0.666667 0.040000 0.500000 -1.000000
0.666667 0.040000 0.666667 -1.000000
0.666667 0.040000 0.833333 -1.000000
0.666667 0.050000 0.166667 -1.000000
0.666667 0.050000 0.333333 -1.000000
0.666667 0.050000 0.500000 -1.000000
0.666667 0.050000 0.666667 -1.000000
0.666667 0.050000 0.833333 -1.000000
0.666667 0.060000 0.166667 -1.000000
0.666667 0.060000 0.333333 -1.000000
0.666667 0.060000 0.500000 -1.000000
0.666667 0.060000 0.666667 -1.000000
0.666667 0.060000 0.833333 -1.000000
0.666667 0.070000 0.166667 -1.000000
0.666667 0.070000 0.333333 -1.000000
0.666667 0.070000 0.500000 -1.000000
0.666667 0.070000 0.666667 -1.000000
0.666667 0.070000 0.833333 -1.000000
0.666667 0.080000 0.166667 -1.000000
0.666667 0.080000 0.333333 -1.000000
0.666667 0.080000 0.500000 -1.000000
0.666667 0.080000 0.666667 -1.000000
0.666667 0.080000 0.833333 -1.000000
0.666667 0.090000 0.166667 -1.000000
0.666667 0.090000 0.333333 -1.000000
0.666667 0.090000 0.500000 -1.000000
0.666667 0.090000 0.666667 -1.000000
0.666667 0.090000 0.833333 -1.000000
0.833333 0.010000 0.166667 -1.000000
0.833333 0.010000 0.333333 -1.000000
0.833333 0.010000 0.500000 -1.000000
0.833333 0.010000 0.666667 -1.000000
0.833333 0.010000 0.833333 -1.000000
0.833333 0.020000 0.166667 -1.000000
0.833333 0.020000 0.333333 -1.000000
0.833333 0.020000 0.500000 -1.000000
0.833333 0.020000 0.666667 -1.000000
0.833333 0.020000 0.833333 -1.000000
0.833333 0.030000 0.166667 -1.000000
0.833333 0.030000 0.333333 -1.000000
0.833333 0.030000 0.500000 -1.000000
0.833333 0.030000 0.666667 -1.000000
0.833333 0.030000 0.833333 -1.000000
0.833333 0.040000 0.166667 -1.000000
0.833333 0.040000 0.333333 -1.000000
0.833333 0.040000 0.500000 -1.000000
0.833333 0.040000 0.666667 -1.000000
0.833333 0.040000 0.833333 -1.000000
0.833333 0.050000 0.166667 -1.000000
0.833333 0.050000 0.333333 -1.000000
0.833333 0.050000 0.500000 -1.000000
0.833333 0.050000 0.666667 -1.000000
0.833333 0.050000 0.833333 -1.000000
0.833333 0.060000 0.166667 -1.000000
0.833333 0.060000 0.333333 -1.000000
0.833333 0.060000 0.500000 -1.000000
0.833333 0.060000 0.666667 -1.000000
0.833333 0.060000 0.833333 -1.000000
0.833333 0.070000 0.166667 -1.000000
0.833333 0.070000 0.333333 -1.000000
0.833333 0.070000 0.500000 -1.000000
0.833333 0.070000 0.666667 -1.000000
0.833333 0.070000 0.833333 -1.000000
0.833333 0.080000 0.166667 -1.000000
0.833333 0.080000 0.333333 -1.000000
0.833333 0.080000 0.500000 -1.000000
0.833333 0.080000 0.666667 -1.000000
0.833333 0.080000 0.833333 -1.000000
0.833333 0.090000 0.166667 -1.000000
0.833333 0.090000 0.333333 -1.000000
0.833333 0.090000 0.500000 -1.000000
0.833333 0.090000 0.666667 -1.000000
0.833333 0.090000 0.833333 -1.000000
0.000000 0.010000 0.000000 -1.000000
0.000000 0.010000 0.166667 -1.000000
0.000000 0.010000 0.333333 -1.000000
0.000000 0.010000 0.500000 -1.000000
0.000000 0.010000 0.666667 -1.000000
0.000000 0.010000 0.833333 -1.000000
0.000000 0.010000 1.000000 -1.000000
0.000000 0.020000 0.000000 -1.000000
0.000000 0.020000 0.166667 -1.000000
0.000000 0.020000 0.333333 -1.000000
0.000000 0.020000 0.500000 -1.000000
0.000000 0.020000 0.666667 -1.000000
0.000000 0.020000 0.833333 -1.000000
0.000000 0.020000 1.000000 -1.000000
0.000000 0.030000 0.000000 -1.000000
0.000000 0.030000 0.166667 -1.000000
0.000000 0.030000 0.333333 -1.000000
0.000000 0.030000 0.500000 -1.000000
0.000000 0.030000 0.666667 -1.000000
0.000000 0.030000 0.833333 -1.000000
0.000000 0.030000 1.000000 -1.000000
0.000000 0.040000 0.000000 -1.000000
0.000000 0.040000 0.166667 -1.000000
0.000000 0.040000 0.333333 -1.000000
0.000000 0.040000 0.500000 -1.000000
0.000000 0.040000 0.666667 -1.000000
0.000000 0.040000 0.833333 -1.000000
0.000000 0.040000 1.000000 -1.000000
0.000000 0.050000 0.000000 -1.000000
0.000000 0.050000 0.166667 -1.000000
0.000000 0.050000 0.333333 -1.000000
0.000000 0.050000 0.500000 -1.000000
0.000000 0.050000 0.666667 -1.000000
0.000000 0.050000 0.833333 -1.000000
0.000000 0.050000 1.000000 -1.000000
0.000000 0.060000 0.000000 -1.000000
0.000000 0.060000 0.166667 -1.000000
0.000000 0.060000 0.333333 -1.000000
0.000000 0.060000 0.500000 -1.000000
0.000000 0.060000 0.666667 -1.000000
0.000000 0.060000 0.833333 -1.000000
0.000000 0.060000 1.000000 -1.000000
0.000000 0.070000 0.000000 -1.000000
0.000000 0.070000 0.166667 -1.000000
0.000000 0.070000 0.333333 -1.000000
0.000000 0.070000 0.500000 -1.000000
0.000000 0.070000 0.666667 -1.000000
0.000000 0.070000 0.833333 -1.000000
0.000000 0.070000 1.000000 -1.000000
0.000000 0.080000 0.000000 -1.000000
0.000000 0.080000 0.166667 -1.000000
0.000000 0.080000 0.333333 -1.000000
0.000000 0.080000 0.500000 -1.000000
0.000000 0.080000 0.666667 -1.000000
0.000000 0.080000 0.833333 -1.000000
0.000000 0.080000 1.000000 -1.000000
0.000000 0.090000 0.000000 -1.000000
0.000000 0.090000 0.166667 -1.000000
0.000000 0.090000 0.333333 -1.000000
0.000000 0.090000 0.500000 -1.000000
0.000000 0.090000 0.666667 -1.000000
0.000000 0.090000 0.833333 -1.000000
0.000000 0.090000 1.000000 -1.000000
0.166667 0.010000 0.000000 -1.000000
0.166667 0.010000 1.000000 -1.000000
0.166667 0.020000 0.000000 -1.000000
0.166667 0.020000 1.000000 -1.000000
0.166667 0.030000 0.000000 -1.000000
0.166667 0.030000 1.000000 -1.000000
0.166667 0.040000 0.000000 -1.000000
0.166667 0.040000 1.000000 -1.000000
0.166667 0.050000 0.000000 -1.000000
0.166667 0.050000 1.000000 -1.000000
0.166667 0.060000 0.000000 -1.000000
0.166667 0.060000 1.000000 -1.000000
0.166667 0.070000 0.000000 -1.000000
0.166667 0.070000 1.000000 -1.000000
0.166667 0.080000 0.000000 -1.000000
0.166667 0.080000 1.000000 -1.000000
0.166667 0.090000 0.000000 -1.000000
0.166667 0.090000 1.000000 -1.000000
0.333333 0.010000 0.000000 -1.000000
0.333333 0.010000 1.000000 -1.000000
0.333333 0.020000 0.000000 -1.000000
0.333333 0.020000 1.000000 -1.000000
0.333333 0.030000 0.000000 -1.000000
0.333333 0.030000 1.000000 -1.000000
0.333333 0.040000 0.000000 -1.000000
0.333333 0.040000 1.000000 -1.000000
0.333333 0.050000 0.000000 -1.000000
0.333333 0.050000 1.000000 -1.000000
0.333333 0.060000 0.000000 -1.000000
0.333333 0.060000 1.000000 -1.000000
0.333333 0.070000 0.000000 -1.000000
0.333333 0.070000 1.000000 -1.000000
0.333333 0.080000 0.000000 -1.000000
0.333333 0.080000 1.000000 -1.000000
0.333333 0.090000 0.000000 -1.000000
0.333333 0.090000 1.000000 -1.000000
0.500000 0.010000 0.000000 -1.000000
0.500000 0.010000 1.000000 -1.000000
0.500000 0.020000 0.000000 -1.000000
0.500000 0.020000 1.000000 -1.000000
0.500000 0.030000 0.000000 -1.000000
0.500000 0.030000 1.000000 -1.000000
0.500000 0.040000 0.000000 -1.000000
0.500000 0.040000 1.000000 -1.000000
0.500000 0.050000 0.000000 -1.000000
0.500000 0.050000 1.000000 -1.000000
0.500000 0.060000 0.000000 -1.000000
0.500000 0.060000 1.000000 -1.000000
0.500000 0.070000 0.000000 -1.000000
0.500000 0.070000 1.000000 -1.000000
0.500000 0.080000 0.000000 -1.000000
0.500000 0.080000 1.000000 -1.000000
0.500000 0.090000 0.000000 -1.000000
0.500000 0.090000 1.000000 -1.000000
0.666667 0.010000 0.000000 -1.000000
0.666667 0.010000 1.000000 -1.000000
0.666667 0.020000 0.000000 -1.000000
0.666667 0.020000 1.000000 -1.000000
0.666667 0.030000 0.000000 -1.000000
0.666667 0.030000 1.000000 -1.000000
0.666667 0.040000 0.000000 -1.000000
0.666667 0.040000 1.000000 -1.000000
0.666667 0.050000 0.000000 -1.000000
0.666667 0.050000 1.000000 -1.000000
0.666667 0.060000 0.000000 -1.000000
0.666667 0.060000 1.000000 -1.000000
0.666667 0.070000 0.000000 -1.000000
0.666667 0.070000 1.000000 -1.000000
0.666667 0.080000 0.000000 -1.000000
0.666667 0.080000 1.000000 -1.000000
0.666667 0.090000 0.000000 -1.000000
0.666667 0.090000 1.000000 -1.000000
0.833333 0.010000 0.000000 -1.000000
0.833333 0.010000 1.000000 -1.000000
0.833333 0.020000 0.000000 -1.000000
0.833333 0.020000 1.000000 -1.000000
0.833333 0.030000 0.000000 -1.000000
0.833333 0.030000 1.000000 -1.000000
0.833333 0.040000 0.000000 -1.000000
0.833333 0.040000 1.000000 -1.000000
0.833333 0.050000 0.000000 -1.000000
0.833333 0.050000 1.000000 -1.000000
0.833333 0.060000 0.000000 -1.000000
0.833333 0.060000 1.000000 -1.000000
0.833333 0.070000 0.000000 -1.000000
0.833333 0.070000 1.000000 -1.000000
0.833333 0.080000 0.000000 -1.000000
0.833333 0.080000 1.000000 -1.000000
0.833333 0.090000 0.000000 -1.000000
0.833333 0.090000 1.000000 -1.000000
1.000000 0.010000 0.000000 -1.000000
1.000000 0.010000 0.166667 -1.000000
1.000000 0.010000 0.333333 -1.000000
1.000000 0.010000 0.500000 -1.000000
1.000000 0.010000 0.666667 -1.000000
1.000000 0.010000 0.833333 -1.000000
1.000000 0.010000 1.000000 -1.000000
1.000000 0.020000 0.000000 -1.000000
1.000000 0.020000 0.166667 -1.000000
1.000000 0.020000 0.333333 -1.000000
1.000000 0.020000 0.500000 -1.000000
1.000000 0.020000 0.666667 -1.000000
1.000000 0.020000 0.833333 -1.000000
1.000000 0.020000 1.000000 -1.000000
1.000000 0.030000 0.000000 -1.000000
1.000000 0.030000 0.166667 -1.000000
1.000000 0.030000 0.333333 -1.000000
1.000000 0.030000 0.500000 -1.000000
1.000000 0.030000 0.666667 -1.000000
1.000000 0.030000 0.833333 -1.000000
1.000000 0.030000 1.000000 -1.000000
1.000000 0.040000 0.000000 -1.000000
1.000000 0.040000 0.166667 -1.000000
1.000000 0.040000 0.333333 -1.000000
1.000000 0.040000 0.500000 -1.000000
1.000000 0.040000 0.666667 -1.000000
1.000000 0.040000 0.833333 -1.000000
1.000000 0.040000 1.000000 -1.000000
1.000000 0.050000 0.000000 -1.000000
1.000000 0.050000 0.166667 -1.000000
1.000000 0.050000 0.333333 -1.000000
1.000000 0.050000 0.500000 -1.000000
1.000000 0.050000 0.666667 -1.000000
1.000000 0.050000 0.833333 -1.000000
1.000000 0.050000 1.000000 -1.000000
1.000000 0.060000 0.000000 -1.000000
1.000000 0.060000 0.166667 -1.000000
1.000000 0.060000 0.333333 -1.000000
1.000000 0.060000 0.500000 -1.000000
1.000000 0.060000 0.666667 -1.000000
1.000000 0.060000 0.833333 -1.000000
1.000000 0.060000 1.000000 -1.000000
1.000000 0.070000 0.000000 -1.000000
1.000000 0.070000 0.166667 -1.000000
1.000000 0.070000 0.333333 -1.000000
1.000000 0.070000 0.500000 -1.000000
1.000000 0.070000 0.666667 -1.000000
1.000000 0.070000 0.833333 -1.000000
1.000000 0.070000 1.000000 -1.000000
1.000000 0.080000 0.000000 -1.000000
1.000000 0.080000 0.166667 -1.000000
1.000000 0.080000 0.333333 -1.000000
1.000000 0.080000 0.500000 -1.000000
1.000000 0.080000 0.666667 -1.000000
1.000000 0.080000 0.833333 -1.000000
1.000000 0.080000 1.000000 -1.000000
1.000000 0.090000 0.000000 -1.000000
1.000000 0.090000 0.166667 -1.000000
1.000000 0.090000 0.333333 -1.000000
1.000000 0.090000 0.500000 -1.000000
1.000000 0.090000 0.666667 -1.000000
1.000000 0.090000 0.833333 -1.000000
1.000000 0.090000 1.000000 -1.000000
0.000000 0.100000 0.000000 100.000000
0.000000 0.100000 0.166667 100.000000
0.000000 0.100000 0.333333 100.000000
0.000000 0.100000 0.500000 100.000000
0.000000 0.100000 0.666667 100.000000
0.000000 0.100000 0.833333 100.000000
0.000000 0.100000 1.000000 100.000000
0.166667 0.100000 0.000000 100.000000
0.166667 0.100000 0.166667 100.000000
0.166667 0.100000 0.333333 100.000000
0.166667 0.100000 0.500000 100.000000
0.166667 0.100000 0.666667 100.000000
0.166667 0.100000 0.833333 100.000000
0.166667 0.100000 1.000000 100.000000
0.333333 0.100000 0.000000 100.000000
0.333333 0.100000 0.166667 100.000000
0.333333 0.100000 0.333333 100.000000
0.333333 0.100000 0.500000 100.000000
0.333333 0.100000 0.666667 100.000000
0.333333 0.100000 0.833333 100.000000
0.333333 0.100000 1.000000 100.000000
0.500000 0.100000 0.000000 100.000000
0.500000 0.100000 0.166667 100.000000
0.500000 0.100000 0.333333 100.000000
0.500000 0.100000 0.500000 100.000000
0.500000 0.100000 0.666667 100.000000
0.500000 0.100000 0.833333 100.000000
0.500000 0.100000 1.000000 100.000000
0.666667 0.100000 0.000000 100.000000
0.666667 0.100000 0.166667 100.000000
0.666667 0.100000 0.333333 100.000000
0.666667 0.100000 0.500000 100.000000
0.666667 0.100000 0.666667 100.000000
0.666667 0.100000 0.833333 100.000000
0.666667 0.100000 1.000000 100.000000
0.833333 0.100000 0.000000 100.000000
0.833333 0.100000 0.166667 100.000000
0.833333 0.100000 0.333333 100.000000
0.833333 0.100000 0.500000 100.000000
0.833333 0.100000 0.666667 100.000000
0.833333 0.100000 0.833333 100.000000
0.833333 0.100000 1.000000 100.000000
1.000000 0.100000 0.000000 100.000000
1.000000 0.100000 0.166667 100.000000
1.000000 0.100000 0.333333 100.000000
1.000000 0.100000 0.500000 100.000000
1.000000 0.100000 0.666667 100.000000
1.000000 0.100000 0.833333 100.000000
1.000000 0.100000 1.000000 100.000000
0.000000 0.000000 0.000000 0.000000
0.000000 0.000000 0.166667 0.000000
0.000000 0.000000 0.333333 0.000000
0.000000 0.000000 0.500000 0.000000
0.000000 0.000000 0.666667 0.000000
0.000000 0.000000 0.833333 0.000000
0.000000 0.000000 1.000000 0.000000
0.166667 0.000000 0.000000 0.000000
0.166667 0.000000 0.166667 0.000000
0.166667 0.000000 0.333333 0.000000
0.166667 0.000000 0.500000 0.000000
0.166667 0.000000 0.666667 0.000000
0.166667 0.000000 0.833333 0.000000
0.166667 0.000000 1.000000 0.000000
0.333333 0.000000 0.000000 0.000000
0.333333 0.000000 0.166667 0.000000
0.333333 0.000000 0.333333 0.000000
0.333333 0.000000 0.500000 0.000000
0.333333 0.000000 0.666667 0.000000
0.333333 0.000000 0.833333 0.000000
0.333333 0.000000 1.000000 0.000000
0.500000 0.000000 0.000000 0.000000
0.500000 0.000000 0.166667 0.000000
0.500000 0.000000 0.333333 0.000000
0.500000 0.000000 0.500000 0.000000
0.500000 0.000000 0.666667 0.000000
0.500000 0.000000 0.833333 0.000000
0.500000 0.000000 1.000000 0.000000
0.666667 0.000000 0.000000 0.000000
0.666667 0.000000 0.166667 0.000000
0.666667 0.000000 0.333333 0.000000
0.666667 0.000000 0.500000 0.000000
0.666667 0.000000 0.666667 0.000000
0.666667 0.000000 0.833333 0.000000
0.666667 0.000000 1.000000 0.000000
0.833333 0.000000 0.000000 0.000000
0.833333 0.000000 0.166667 0.000000
0.833333 0.000000 0.333333 0.000000
0.833333 0.000000 0.500000 0.000000
0.833333 0.000000 0.666667 0.000000
0.833333 0.000000 0.833333 0.000000
0.833333 0.000000 1.000000 0.000000
1.000000 0.000000 0.000000 0.000000
1.000000 0.000000 0.166667 0.000000
1.000000 0.000000 0.333333 0.000000
1.000000 0.000000 0.500000 0.000000
1.000000 0.000000 0.666667 0.000000
1.000000 0.000000 0.833333 0.000000
1.000000 0.000000 1.000000 0.000000
